580 450 1 true 510 400 1 true 510 500 1 true 440 350 1 true 440 550 1 true 370 300 1 true 370 600 1 true 845 450 1 true 915 400 1 true 915 500 1 true 985 350 1 true 985 550 1 true 1055 300 1 true 1055 600 1 true 1100 420 0 false 
595 450 1 true 525 400 1 true 525 500 1 true 455 350 1 true 455 550 1 true 385 300 1 true 385 600 1 true 830 450 1 true 900 400 1 true 900 500 1 true 970 350 1 true 970 550 1 true 1040 300 1 true 1040 600 1 true 1100 420 0 false 
595 450 1 true 540 400 1 true 540 500 1 true 470 350 1 true 470 550 1 true 400 300 1 true 400 600 1 true 830 450 1 true 900 400 1 true 885 500 1 true 955 350 1 true 955 550 1 true 1025 300 1 true 1025 600 1 true 1100 420 0 false 
610 450 1 true 540 400 1 true 540 500 1 true 470 350 1 true 470 550 1 true 400 300 1 true 400 600 1 true 815 450 1 true 885 400 1 true 885 500 1 true 955 350 1 true 955 550 1 true 1025 300 1 true 1025 600 1 true 1100 420 0 false 
640 450 1 true 570 400 1 true 570 500 1 true 500 350 1 true 500 550 1 true 430 300 1 true 430 600 1 true 785 450 1 true 855 400 1 true 855 500 1 true 925 350 1 true 925 550 1 true 995 300 1 true 995 600 1 true 1100 420 0 false 
640 450 1 true 570 400 1 true 570 500 1 true 500 350 1 true 500 550 1 true 430 300 1 true 430 600 1 true 785 450 1 true 855 400 1 true 840 500 1 true 910 350 1 true 910 550 1 true 980 300 1 true 980 600 1 true 1100 420 0 false 
670 450 1 true 600 400 1 true 600 500 1 true 530 350 1 true 530 550 1 true 460 300 1 true 460 600 1 true 755 450 1 true 825 400 1 true 840 500 1 true 895 350 1 true 895 550 1 true 980 300 1 true 965 600 1 true 1100 420 0 false 
685 450 1 true 615 400 1 true 615 500 1 true 545 350 1 true 545 550 1 true 475 300 1 true 475 600 1 true 740 450 1 true 810 400 1 true 810 500 1 true 880 350 1 true 880 550 1 true 950 300 1 true 950 600 1 true 1100 420 0 false 
700 450 1 true 630 400 1 true 630 500 1 true 560 350 1 true 560 550 1 true 490 300 1 true 490 600 1 true 725 450 1 true 795 400 1 true 795 500 1 true 865 350 1 true 865 550 1 true 935 300 1 true 935 600 1 true 1100 420 0 false 
715 450 1 true 645 400 1 true 645 500 1 true 575 350 1 true 575 550 1 true 505 300 1 true 505 600 1 true 710 450 1 true 780 400 1 true 780 500 1 true 850 350 1 true 850 550 1 true 920 300 1 true 920 600 1 true 1100 420 0 false 
730 450 1 true 660 400 1 true 660 500 1 true 590 350 1 true 590 550 1 true 520 300 1 true 520 600 1 true 695 450 1 true 765 400 1 true 765 500 1 true 835 350 1 true 835 550 1 true 905 300 1 true 905 600 1 true 1100 420 0 false 
745 450 1 true 675 400 1 true 675 500 1 true 605 350 1 true 605 550 1 true 535 300 1 true 535 600 1 true 680 450 1 true 750 400 1 true 750 500 1 true 820 350 1 true 820 550 1 true 890 300 1 true 890 600 1 true 1100 420 0 false 
760 450 1 true 690 400 1 true 690 500 1 true 620 350 1 true 620 550 1 true 550 300 1 true 550 600 1 true 665 450 1 true 735 400 1 true 735 500 1 true 805 350 1 true 805 550 1 true 875 300 1 true 875 600 1 true 1100 420 0 false 
775 450 1 true 690 400 1 true 705 500 1 true 635 350 1 true 635 550 1 true 565 300 1 true 565 600 1 true 650 450 1 true 720 400 1 true 720 500 1 true 790 350 1 true 790 550 1 true 860 300 1 true 860 600 1 true 1100 420 0 false 
790 450 1 true 720 400 1 true 720 500 1 true 650 350 1 true 650 550 1 true 580 300 1 true 580 600 1 true 635 450 1 true 705 400 1 true 705 500 1 true 775 350 1 true 775 550 1 true 845 300 1 true 845 600 1 true 1100 420 0 false 
805 450 1 true 735 400 1 true 735 500 1 true 665 350 1 true 665 550 1 true 595 300 1 true 595 600 1 true 620 450 1 true 690 400 1 true 690 500 1 true 760 350 1 true 760 550 1 true 830 300 1 true 830 600 1 true 1100 420 0 false 
820 450 1 true 750 400 1 true 750 500 1 true 680 350 1 true 680 550 1 true 610 300 1 true 610 600 1 true 605 450 1 true 675 400 1 true 675 500 1 true 745 350 1 true 745 550 1 true 815 300 1 true 815 600 1 true 1100 420 0 false 
835 450 1 true 765 400 1 true 765 500 1 true 695 350 1 true 695 550 1 true 625 300 1 true 625 600 1 true 590 450 1 true 660 400 1 true 660 500 1 true 730 350 1 true 730 550 1 true 800 300 1 true 800 600 1 true 1100 420 0 false 
850 450 1 true 780 400 1 true 780 500 1 true 710 350 1 true 710 550 1 true 640 300 1 true 640 600 1 true 575 450 1 true 645 400 1 true 645 500 1 true 715 350 1 true 715 550 1 true 785 300 1 true 785 600 1 true 1100 420 0 false 
865 450 1 true 795 400 1 true 795 500 1 true 725 350 1 true 725 550 1 true 655 300 1 true 655 600 1 true 860 450 1 true 630 400 1 true 630 500 1 true 700 350 1 true 700 550 1 true 770 300 1 true 770 600 1 true 1100 420 0 false 
565 450 1 true 810 400 1 true 810 500 1 true 740 350 1 true 740 550 1 true 670 300 1 true 670 600 1 true 845 450 1 true 615 400 1 true 615 500 1 true 685 350 1 true 685 550 1 true 755 300 1 true 755 600 1 true 1100 420 0 false 
580 450 1 true 825 400 1 true 825 500 1 true 755 350 1 true 755 550 1 true 685 300 1 true 685 600 1 true 830 450 1 true 600 400 1 true 600 500 1 true 670 350 1 true 670 550 1 true 740 300 1 true 740 600 1 true 1100 420 0 false 
595 450 1 true 840 400 1 true 840 500 1 true 770 350 1 true 770 550 1 true 700 300 1 true 700 600 1 true 815 450 1 true 585 400 1 true 585 500 1 true 655 350 1 true 655 550 1 true 725 300 1 true 725 600 1 true 1100 420 0 false 
610 450 1 true 855 400 1 true 855 500 1 true 785 350 1 true 785 550 1 true 715 300 1 true 715 600 1 true 800 450 1 true 570 400 1 true 570 500 1 true 640 350 1 true 640 550 1 true 710 300 1 true 710 600 1 true 1100 420 0 false 
625 450 1 true 870 400 1 true 870 500 1 true 800 350 1 true 800 550 1 true 730 300 1 true 730 600 1 true 785 450 1 true 555 400 1 true 555 500 1 true 625 350 1 true 625 550 1 true 695 300 1 true 695 600 1 true 1100 420 0 false 
640 450 1 true 885 400 1 true 885 500 1 true 815 350 1 true 815 550 1 true 745 300 1 true 745 600 1 true 770 450 1 true 540 400 1 true 540 500 1 true 610 350 1 true 610 550 1 true 680 300 1 true 680 600 1 true 1100 420 0 false 
655 450 1 true 900 400 1 true 900 500 1 true 830 350 1 true 830 550 1 true 760 300 1 true 760 600 1 true 755 450 1 true 525 400 1 true 525 500 1 true 595 350 1 true 595 550 1 true 665 300 1 true 665 600 1 true 1100 420 0 false 
670 450 1 true 915 400 1 true 915 500 1 true 845 350 1 true 845 550 1 true 775 300 1 true 775 600 1 true 740 450 1 true 510 400 1 true 510 500 1 true 580 350 1 true 580 550 1 true 650 300 1 true 650 600 1 true 1100 420 0 false 
685 450 1 true 930 400 2 true 930 500 2 true 860 350 1 true 860 550 1 true 790 300 1 true 790 600 1 true 725 450 1 true 930 400 1 true 930 500 1 true 565 350 1 true 565 550 1 true 635 300 1 true 635 600 1 true 1100 420 0 false 
700 450 1 true 945 400 1 true 945 500 1 true 875 350 1 true 875 550 1 true 805 300 1 true 805 600 1 true 710 450 1 true 915 400 1 true 915 500 1 true 550 350 1 true 550 550 1 true 620 300 1 true 620 600 1 true 1100 420 0 false 
715 450 1 true 495 400 1 true 495 500 1 true 890 350 1 true 890 550 1 true 820 300 1 true 820 600 1 true 695 450 1 true 900 400 2 true 900 500 1 true 535 350 1 true 535 550 1 true 605 300 1 true 605 600 1 true 1100 420 0 false 
730 450 1 true 510 400 1 true 510 500 1 true 905 350 1 true 905 550 1 true 835 300 1 true 835 600 1 true 680 450 1 true 885 400 1 true 885 500 1 true 520 350 1 true 520 550 1 true 590 300 1 true 590 600 1 true 1100 420 0 false 
745 450 1 true 525 400 1 true 525 500 1 true 920 350 1 true 920 550 1 true 850 300 1 true 850 600 1 true 665 450 1 true 870 400 1 true 870 500 1 true 505 350 1 true 505 550 1 true 575 300 1 true 575 600 1 true 1100 420 0 false 
760 450 1 true 540 400 1 true 540 500 1 true 935 350 1 true 935 550 1 true 865 300 1 true 865 600 1 true 650 450 1 true 855 400 1 true 855 500 1 true 490 350 1 true 490 550 1 true 560 300 1 true 560 600 1 true 1100 420 0 false 
775 450 1 true 555 400 1 true 555 500 1 true 950 350 1 true 950 550 1 true 880 300 1 true 880 600 1 true 635 450 1 true 840 400 1 true 840 500 1 true 475 350 1 true 475 550 1 true 545 300 1 true 545 600 1 true 1100 420 0 false 
790 450 1 true 570 400 1 true 570 500 1 true 965 350 1 true 965 550 1 true 895 300 1 true 895 600 1 true 620 450 1 true 825 400 1 true 825 500 1 true 460 350 1 true 460 550 1 true 530 300 1 true 530 600 1 true 1100 420 0 false 
805 450 1 true 585 400 1 true 585 500 1 true 980 350 1 true 980 550 1 true 910 300 1 true 910 600 1 true 605 450 1 true 810 400 1 true 810 500 1 true 445 350 1 true 445 550 1 true 515 300 1 true 515 600 1 true 1100 420 0 false 
820 450 1 true 600 400 1 true 600 500 1 true 995 350 2 true 995 550 1 true 925 300 1 true 925 600 1 true 590 450 1 true 795 400 1 true 795 500 1 true 1000 350 1 true 1000 550 1 true 500 300 1 true 500 600 1 true 1100 420 0 false 
835 450 1 true 615 400 1 true 615 500 1 true 1010 350 1 true 1010 550 1 true 940 300 1 true 940 600 1 true 575 450 1 true 780 400 1 true 780 500 1 true 985 350 1 true 985 550 1 true 485 300 1 true 485 600 1 true 1100 420 0 false 
850 450 2 true 630 400 1 true 630 500 1 true 425 350 1 true 425 550 1 true 955 300 1 true 955 600 1 true 860 450 1 true 765 400 1 true 765 500 1 true 970 350 2 true 970 550 2 true 470 300 1 true 470 600 1 true 1100 420 0 false 
865 450 1 true 645 400 1 true 645 500 1 true 440 350 1 true 440 550 1 true 970 300 1 true 970 600 1 true 845 450 1 true 750 400 1 true 750 500 1 true 955 350 1 true 955 550 1 true 455 300 1 true 455 600 1 true 1100 420 0 false 
565 450 1 true 660 400 1 true 660 500 1 true 455 350 1 true 455 550 1 true 985 300 1 true 985 600 1 true 830 450 2 true 735 400 1 true 735 500 1 true 940 350 1 true 940 550 1 true 440 300 1 true 440 600 1 true 1100 420 0 false 
580 450 1 true 675 400 1 true 675 500 1 true 470 350 1 true 470 550 1 true 1000 300 1 true 1000 600 1 true 815 450 1 true 720 400 1 true 720 500 1 true 925 350 1 true 925 550 1 true 425 300 1 true 425 600 1 true 1100 420 0 false 
595 450 1 true 690 400 1 true 690 500 1 true 485 350 1 true 485 550 1 true 1015 300 1 true 1015 600 1 true 800 450 1 true 705 400 1 true 705 500 1 true 910 350 1 true 910 550 1 true 410 300 1 true 410 600 1 true 1100 420 0 false 
610 450 1 true 705 400 1 true 705 500 1 true 500 350 1 true 500 550 1 true 1030 300 1 true 1030 600 1 true 785 450 1 true 690 400 1 true 690 500 1 true 895 350 1 true 895 550 1 true 395 300 1 true 395 600 1 true 1100 420 0 false 
625 450 1 true 720 400 1 true 720 500 1 true 515 350 1 true 515 550 1 true 1045 300 1 true 1045 600 1 true 770 450 1 true 675 400 1 true 675 500 1 true 880 350 1 true 880 550 1 true 380 300 1 true 380 600 1 true 1100 420 0 false 
640 450 1 true 735 400 1 true 735 500 1 true 530 350 1 true 530 550 1 true 1060 300 2 true 1060 600 1 true 755 450 1 true 660 400 1 true 660 500 1 true 865 350 1 true 865 550 1 true 1070 300 1 true 1070 600 1 true 1100 420 0 false 
655 450 1 true 750 400 1 true 750 500 1 true 545 350 1 true 545 550 1 true 1075 300 1 true 1075 600 1 true 740 450 1 true 645 400 1 true 645 500 1 true 850 350 1 true 850 550 1 true 1055 300 1 true 1055 600 1 true 1100 420 0 false 
670 450 1 true 765 400 1 true 765 500 1 true 560 350 1 true 560 550 1 true 355 300 1 true 355 600 1 true 725 450 1 true 630 400 1 true 630 500 1 true 835 350 1 true 835 550 1 true 1040 300 1 true 1040 600 2 true 1100 420 0 false 
685 450 1 true 780 400 1 true 780 500 1 true 575 350 1 true 575 550 1 true 370 300 1 true 370 600 1 true 710 450 1 true 615 400 1 true 615 500 1 true 820 350 1 true 820 550 1 true 1025 300 1 true 1025 600 1 true 1100 420 0 false 
700 450 1 true 795 400 1 true 795 500 1 true 590 350 1 true 590 550 1 true 385 300 1 true 385 600 1 true 695 450 1 true 600 400 1 true 600 500 1 true 805 350 1 true 805 550 1 true 1010 300 1 true 1010 600 1 true 1100 420 0 false 
715 450 1 true 810 400 1 true 810 500 1 true 605 350 1 true 605 550 1 true 400 300 1 true 400 600 1 true 680 450 1 true 585 400 1 true 585 500 1 true 790 350 1 true 790 550 1 true 995 300 1 true 995 600 1 true 1100 420 0 false 
730 450 1 true 825 400 1 true 825 500 1 true 620 350 1 true 620 550 1 true 415 300 1 true 415 600 1 true 665 450 1 true 570 400 1 true 570 500 1 true 775 350 1 true 775 550 1 true 980 300 1 true 980 600 1 true 1100 420 0 false 
745 450 1 true 840 400 1 true 840 500 1 true 635 350 1 true 635 550 1 true 430 300 1 true 430 600 1 true 650 450 1 true 555 400 1 true 555 500 1 true 760 350 1 true 760 550 1 true 965 300 1 true 965 600 1 true 1100 420 0 false 
760 450 1 true 855 400 1 true 855 500 1 true 650 350 1 true 650 550 1 true 445 300 1 true 445 600 1 true 635 450 1 true 540 400 1 true 540 500 1 true 745 350 1 true 745 550 1 true 950 300 1 true 950 600 1 true 1100 420 0 false 
775 450 1 true 870 400 1 true 870 500 1 true 665 350 1 true 665 550 1 true 460 300 1 true 460 600 1 true 620 450 1 true 525 400 1 true 525 500 1 true 730 350 1 true 730 550 1 true 935 300 1 true 935 600 1 true 1100 420 0 false 
790 450 1 true 885 400 1 true 885 500 1 true 680 350 1 true 680 550 1 true 475 300 1 true 475 600 1 true 605 450 1 true 510 400 1 true 510 500 1 true 715 350 1 true 715 550 1 true 920 300 1 true 920 600 1 true 1100 420 0 false 
805 450 1 true 900 400 1 true 900 500 2 true 695 350 1 true 695 550 1 true 490 300 1 true 490 600 1 true 590 450 1 true 930 400 1 true 930 500 1 true 700 350 1 true 700 550 1 true 905 300 1 true 905 600 1 true 1100 420 0 false 
820 450 1 true 915 400 1 true 915 500 1 true 710 350 1 true 710 550 1 true 505 300 1 true 505 600 1 true 575 450 1 true 915 400 1 true 915 500 1 true 685 350 1 true 685 550 1 true 890 300 1 true 890 600 1 true 1100 420 0 false 
835 450 1 true 930 400 1 true 930 500 1 true 725 350 1 true 725 550 1 true 520 300 1 true 520 600 1 true 860 450 1 true 900 400 1 true 900 500 1 true 670 350 1 true 670 550 1 true 875 300 1 true 875 600 1 true 1100 420 0 false 
850 450 1 true 945 400 1 true 945 500 1 true 740 350 1 true 740 550 1 true 535 300 1 true 535 600 1 true 845 450 1 true 885 400 1 true 885 500 1 true 655 350 1 true 655 550 1 true 860 300 1 true 860 600 1 true 1100 420 0 false 
865 450 1 true 495 400 1 true 495 500 1 true 755 350 1 true 755 550 1 true 550 300 1 true 550 600 1 true 830 450 1 true 870 400 2 true 870 500 1 true 640 350 1 true 640 550 1 true 845 300 1 true 845 600 1 true 1100 420 0 false 
565 450 1 true 510 400 1 true 510 500 1 true 770 350 1 true 770 550 1 true 565 300 1 true 565 600 1 true 815 450 1 true 855 400 1 true 855 500 1 true 625 350 1 true 625 550 1 true 830 300 1 true 830 600 1 true 1100 420 0 false 
580 450 1 true 525 400 1 true 525 500 1 true 785 350 1 true 785 550 1 true 580 300 1 true 580 600 1 true 800 450 1 true 840 400 1 true 840 500 1 true 610 350 1 true 610 550 1 true 815 300 1 true 815 600 1 true 1100 420 0 false 
595 450 1 true 540 400 1 true 540 500 1 true 800 350 1 true 800 550 1 true 595 300 1 true 595 600 1 true 785 450 1 true 825 400 1 true 825 500 1 true 595 350 1 true 595 550 1 true 800 300 1 true 800 600 1 true 1100 420 0 false 
610 450 1 true 555 400 1 true 555 500 1 true 815 350 1 true 815 550 1 true 610 300 1 true 610 600 1 true 770 450 1 true 810 400 1 true 810 500 1 true 580 350 1 true 580 550 1 true 785 300 1 true 785 600 1 true 1100 420 0 false 
625 450 1 true 570 400 1 true 570 500 1 true 830 350 1 true 830 550 1 true 625 300 1 true 625 600 1 true 755 450 1 true 795 400 1 true 795 500 1 true 565 350 1 true 565 550 1 true 770 300 1 true 770 600 1 true 1100 420 0 false 
640 450 1 true 585 400 1 true 585 500 1 true 845 350 1 true 845 550 1 true 640 300 1 true 640 600 1 true 740 450 1 true 780 400 1 true 780 500 1 true 550 350 1 true 550 550 1 true 755 300 1 true 755 600 1 true 1100 420 0 false 
655 450 1 true 600 400 1 true 600 500 1 true 860 350 1 true 860 550 1 true 655 300 1 true 655 600 1 true 725 450 1 true 765 400 1 true 765 500 1 true 535 350 1 true 535 550 1 true 740 300 1 true 740 600 1 true 1100 420 0 false 
670 450 1 true 615 400 1 true 615 500 1 true 875 350 1 true 875 550 1 true 670 300 1 true 670 600 1 true 710 450 1 true 750 400 1 true 750 500 1 true 520 350 1 true 520 550 1 true 725 300 1 true 725 600 1 true 1100 420 0 false 
685 450 1 true 630 400 1 true 630 500 1 true 890 350 1 true 890 550 1 true 685 300 1 true 685 600 1 true 695 450 1 true 735 400 1 true 735 500 1 true 505 350 1 true 505 550 1 true 710 300 1 true 710 600 1 true 1100 420 0 false 
700 450 1 true 645 400 1 true 645 500 1 true 905 350 1 true 905 550 1 true 700 300 1 true 700 600 1 true 680 450 1 true 720 400 1 true 720 500 1 true 490 350 1 true 490 550 1 true 695 300 1 true 695 600 1 true 1100 420 0 false 
715 450 1 true 660 400 1 true 660 500 1 true 920 350 1 true 920 550 1 true 715 300 1 true 715 600 1 true 665 450 1 true 705 400 1 true 705 500 1 true 475 350 1 true 475 550 1 true 680 300 1 true 680 600 1 true 1100 420 0 false 
730 450 1 true 675 400 1 true 675 500 1 true 935 350 1 true 935 550 1 true 730 300 1 true 730 600 1 true 650 450 1 true 690 400 1 true 690 500 1 true 460 350 1 true 460 550 1 true 665 300 1 true 665 600 1 true 1100 420 0 false 
745 450 1 true 690 400 1 true 690 500 1 true 950 350 1 true 950 550 1 true 745 300 1 true 745 600 1 true 635 450 1 true 675 400 1 true 675 500 1 true 445 350 1 true 445 550 1 true 650 300 1 true 650 600 1 true 1100 420 0 false 
760 450 1 true 705 400 1 true 705 500 1 true 965 350 1 true 965 550 2 true 760 300 1 true 760 600 1 true 620 450 1 true 660 400 1 true 660 500 1 true 1000 350 1 true 1000 550 1 true 635 300 1 true 635 600 1 true 1100 420 0 false 
775 450 1 true 720 400 1 true 720 500 1 true 980 350 1 true 980 550 1 true 775 300 1 true 775 600 1 true 605 450 1 true 645 400 1 true 645 500 1 true 985 350 1 true 985 550 1 true 620 300 1 true 620 600 1 true 1100 420 0 false 
790 450 1 true 735 400 1 true 735 500 1 true 995 350 1 true 995 550 1 true 790 300 1 true 790 600 1 true 590 450 1 true 630 400 1 true 630 500 1 true 970 350 1 true 970 550 1 true 605 300 1 true 605 600 1 true 1100 420 0 false 
805 450 1 true 750 400 1 true 750 500 1 true 1010 350 1 true 1010 550 1 true 805 300 1 true 805 600 1 true 575 450 1 true 615 400 1 true 615 500 1 true 955 350 1 true 955 550 1 true 590 300 1 true 590 600 1 true 1100 420 0 false 
820 450 3 false 765 400 1 true 765 500 1 true 425 350 1 true 425 550 1 true 820 300 1 true 820 600 1 true 860 450 1 true 600 400 1 true 600 500 1 true 940 350 1 true 940 550 1 true 575 300 1 true 575 600 1 true 1100 420 0 false 
820 450 3 false 780 400 1 true 780 500 1 true 440 350 1 true 440 550 1 true 835 300 1 true 835 600 1 true 860 449 1 true 585 400 1 true 585 500 1 true 925 350 1 true 925 550 1 true 560 300 1 true 560 600 1 true 1100 420 0 false 
820 450 3 false 795 400 1 true 795 500 1 true 455 350 1 true 455 550 1 true 850 300 1 true 850 600 1 true 845 448 1 true 570 400 1 true 570 500 1 true 910 350 1 true 910 550 1 true 545 300 1 true 545 600 1 true 1100 420 0 false 
820 450 3 false 810 400 1 true 810 500 1 true 470 350 1 true 470 550 1 true 865 300 1 true 865 600 1 true 830 447 1 true 555 400 1 true 555 500 1 true 895 350 1 true 895 550 1 true 530 300 1 true 530 600 1 true 1100 420 0 false 
820 450 3 false 825 400 1 true 825 500 1 true 485 350 1 true 485 550 1 true 880 300 1 true 880 600 1 true 815 446 1 true 540 400 1 true 540 500 1 true 880 350 1 true 880 550 1 true 515 300 1 true 515 600 1 true 1100 420 0 false 
820 450 3 false 840 400 1 true 840 500 1 true 500 350 1 true 500 550 1 true 895 300 1 true 895 600 1 true 800 445 1 true 525 400 1 true 525 500 1 true 865 350 1 true 865 550 1 true 500 300 1 true 500 600 1 true 1100 420 0 false 
820 450 3 false 855 400 1 true 855 500 1 true 515 350 1 true 515 550 1 true 910 300 1 true 910 600 1 true 785 444 1 true 510 400 1 true 510 500 1 true 850 350 1 true 850 550 1 true 485 300 1 true 485 600 1 true 1100 420 0 false 
820 450 3 false 870 400 2 true 870 500 2 true 530 350 1 true 530 550 1 true 925 300 1 true 925 600 1 true 770 443 1 true 930 400 1 true 930 500 1 true 835 350 1 true 835 550 1 true 470 300 1 true 470 600 1 true 1100 420 0 false 
820 450 3 false 885 400 1 true 885 500 1 true 545 350 1 true 545 550 1 true 940 300 1 true 940 600 1 true 755 442 1 true 915 400 1 true 915 500 1 true 820 350 1 true 820 550 1 true 455 300 1 true 455 600 1 true 1100 420 0 false 
820 450 3 false 900 400 1 true 900 500 1 true 560 350 1 true 560 550 1 true 955 300 1 true 955 600 1 true 740 441 1 true 900 400 1 true 900 500 1 true 805 350 1 true 805 550 1 true 440 300 1 true 440 600 1 true 1100 420 0 false 
820 450 3 false 915 400 1 true 915 500 1 true 575 350 1 true 575 550 1 true 970 300 1 true 970 600 1 true 725 440 1 true 885 400 1 true 885 500 1 true 790 350 1 true 790 550 1 true 425 300 1 true 425 600 1 true 1100 420 0 false 
820 450 3 false 930 400 1 true 930 500 1 true 590 350 1 true 590 550 1 true 985 300 1 true 985 600 1 true 710 439 1 true 870 400 1 true 870 500 1 true 775 350 1 true 775 550 1 true 410 300 1 true 410 600 1 true 1100 420 0 false 
820 450 3 false 945 400 1 true 945 500 1 true 605 350 1 true 605 550 1 true 1000 300 1 true 1000 600 1 true 695 438 1 true 855 400 1 true 855 500 1 true 760 350 1 true 760 550 1 true 395 300 1 true 395 600 1 true 1100 420 0 false 
820 450 3 false 495 400 1 true 495 500 1 true 620 350 1 true 620 550 1 true 1015 300 1 true 1015 600 1 true 680 437 1 true 840 400 3 false 840 500 3 false 745 350 1 true 745 550 1 true 380 300 1 true 380 600 1 true 1100 420 0 false 
820 450 3 false 495 399 1 true 495 496 1 true 635 350 1 true 635 550 1 true 1030 300 1 true 1030 600 1 true 665 436 1 true 840 400 3 false 840 500 3 false 730 350 1 true 730 550 1 true 1070 300 1 true 1070 600 1 true 1100 420 0 false 
820 450 3 false 510 398 1 true 510 492 1 true 650 350 1 true 650 550 1 true 1045 300 1 true 1045 600 1 true 650 435 1 true 840 400 3 false 840 500 3 false 715 350 1 true 715 550 1 true 1055 300 1 true 1055 600 1 true 1100 420 0 false 
820 450 3 false 525 397 1 true 525 488 1 true 665 350 1 true 665 550 1 true 1060 300 1 true 1060 600 1 true 635 434 1 true 840 400 3 false 840 500 3 false 700 350 1 true 700 550 1 true 1040 300 1 true 1040 600 1 true 1100 420 0 false 
820 450 3 false 540 396 1 true 540 484 1 true 680 350 1 true 680 550 1 true 1075 300 1 true 1075 600 1 true 620 433 1 true 840 400 3 false 840 500 3 false 685 350 1 true 685 550 1 true 1025 300 1 true 1025 600 1 true 1100 420 0 false 
820 450 3 false 555 395 1 true 555 480 1 true 695 350 1 true 695 550 1 true 355 300 1 true 355 600 1 true 605 432 1 true 840 400 3 false 840 500 3 false 670 350 1 true 670 550 1 true 1010 300 2 true 1010 600 1 true 1100 420 0 false 
820 450 3 false 570 394 1 true 570 476 1 true 710 350 1 true 710 550 1 true 370 300 1 true 370 600 1 true 590 431 1 true 840 400 3 false 840 500 3 false 655 350 1 true 655 550 1 true 995 300 1 true 995 600 1 true 1100 420 0 false 
820 450 3 false 585 393 1 true 585 472 1 true 725 350 1 true 725 550 1 true 385 300 1 true 385 600 1 true 575 430 1 true 840 400 3 false 840 500 3 false 640 350 1 true 640 550 1 true 980 300 1 true 980 600 1 true 1100 420 0 false 
820 450 3 false 600 392 1 true 600 468 1 true 740 350 1 true 740 550 1 true 400 300 1 true 400 600 1 true 560 429 1 true 840 400 3 false 840 500 3 false 625 350 1 true 625 550 1 true 965 300 1 true 965 600 1 true 1100 420 0 false 
820 450 3 false 615 391 1 true 615 464 1 true 755 350 1 true 755 550 1 true 415 300 1 true 415 600 1 true 545 428 1 true 840 400 3 false 840 500 3 false 610 350 1 true 610 550 1 true 950 300 1 true 950 600 1 true 1100 420 0 false 
820 450 3 false 630 390 1 true 630 460 1 true 770 350 1 true 770 550 1 true 430 300 1 true 430 600 1 true 530 427 1 true 840 400 3 false 840 500 3 false 595 350 1 true 595 550 1 true 935 300 1 true 935 600 1 true 1100 420 0 false 
820 450 3 false 645 389 1 true 645 456 1 true 785 350 1 true 785 550 1 true 445 300 1 true 445 600 1 true 515 426 1 true 840 400 3 false 840 500 3 false 580 350 1 true 580 550 1 true 920 300 1 true 920 600 1 true 1100 420 0 false 
820 450 3 false 660 388 2 true 660 452 1 true 800 350 1 true 800 550 1 true 460 300 1 true 460 600 1 true 860 449 1 true 840 400 3 false 840 500 3 false 565 350 1 true 565 550 1 true 905 300 1 true 905 600 1 true 1100 420 0 false 
820 450 3 false 675 387 1 true 675 448 1 true 815 350 1 true 815 550 1 true 475 300 1 true 475 600 1 true 845 448 1 true 840 400 3 false 840 500 3 false 550 350 1 true 550 550 1 true 890 300 1 true 890 600 1 true 1100 420 0 false 
820 450 3 false 690 386 1 true 690 444 1 true 830 350 1 true 830 550 1 true 490 300 1 true 490 600 1 true 830 447 1 true 840 400 3 false 840 500 3 false 535 350 1 true 535 550 1 true 875 300 1 true 875 600 1 true 1100 420 0 false 
820 450 3 false 705 385 1 true 705 440 1 true 845 350 1 true 845 550 1 true 505 300 1 true 505 600 1 true 815 446 1 true 840 400 3 false 840 500 3 false 520 350 1 true 520 550 1 true 860 300 1 true 860 600 1 true 1100 420 0 false 
820 450 3 false 720 384 1 true 720 436 1 true 860 350 1 true 860 550 1 true 520 300 1 true 520 600 1 true 800 445 1 true 840 400 3 false 840 500 3 false 505 350 1 true 505 550 1 true 845 300 1 true 845 600 1 true 1100 420 0 false 
820 450 3 false 735 383 1 true 735 432 1 true 875 350 1 true 875 550 1 true 535 300 1 true 535 600 1 true 785 444 1 true 840 400 3 false 840 500 3 false 490 350 1 true 490 550 1 true 830 300 1 true 830 600 1 true 1100 420 0 false 
820 450 3 false 750 382 1 true 750 428 1 true 890 350 1 true 890 550 1 true 550 300 1 true 550 600 1 true 770 443 1 true 840 400 3 false 840 500 3 false 475 350 1 true 475 550 1 true 815 300 1 true 815 600 1 true 1100 420 0 false 
820 450 3 false 765 381 1 true 765 424 1 true 905 350 1 true 905 550 1 true 565 300 1 true 565 600 1 true 755 442 1 true 840 400 3 false 840 500 3 false 460 350 1 true 460 550 1 true 800 300 1 true 800 600 1 true 1100 420 0 false 
820 450 3 false 780 380 1 true 780 420 1 true 920 350 1 true 920 550 1 true 580 300 1 true 580 600 1 true 740 441 1 true 840 400 3 false 840 500 3 false 445 350 1 true 445 550 1 true 785 300 1 true 785 600 1 true 1100 420 0 false 
820 450 3 false 795 379 1 true 795 416 1 true 935 350 1 true 935 550 1 true 595 300 1 true 595 600 1 true 725 440 1 true 840 400 3 false 840 500 3 false 1000 350 1 true 1000 550 1 true 770 300 1 true 770 600 1 true 1100 420 0 false 
820 450 3 false 810 378 1 true 810 412 1 true 950 350 1 true 950 550 1 true 610 300 1 true 610 600 1 true 710 439 1 true 840 400 3 false 840 500 3 false 985 350 1 true 985 550 1 true 755 300 1 true 755 600 1 true 1100 420 0 false 
820 450 3 false 825 377 1 true 825 408 1 true 965 350 1 true 965 550 1 true 625 300 1 true 625 600 1 true 695 438 1 true 840 400 3 false 840 500 3 false 970 350 1 true 970 550 1 true 740 300 1 true 740 600 1 true 1100 420 0 false 
820 450 3 false 840 376 1 true 840 404 1 true 980 350 1 true 980 550 1 true 640 300 1 true 640 600 1 true 680 437 1 true 840 400 3 false 840 500 3 false 955 350 1 true 955 550 1 true 725 300 1 true 725 600 1 true 1100 420 0 false 
820 450 3 false 855 375 1 true 855 400 1 true 995 350 1 true 995 550 1 true 655 300 1 true 655 600 1 true 665 436 1 true 840 400 3 false 840 500 3 false 940 350 1 true 940 550 1 true 710 300 1 true 710 600 1 true 1100 420 0 false 
820 450 3 false 870 374 1 true 870 396 1 true 1010 350 1 true 1010 550 1 true 670 300 1 true 670 600 1 true 650 435 1 true 840 400 3 false 840 500 3 false 925 350 1 true 925 550 1 true 695 300 1 true 695 600 1 true 1100 420 0 false 
820 450 3 false 885 373 1 true 885 392 1 true 425 350 1 true 425 550 1 true 685 300 1 true 685 600 1 true 635 434 1 true 840 400 3 false 840 500 3 false 910 350 1 true 910 550 2 true 680 300 1 true 680 600 1 true 1100 420 0 false 
820 450 3 false 900 372 1 true 900 388 1 true 440 350 1 true 440 550 1 true 700 300 1 true 700 600 1 true 620 433 1 true 840 400 3 false 840 500 3 false 895 350 1 true 895 550 1 true 665 300 1 true 665 600 1 true 1100 420 0 false 
820 450 3 false 915 371 1 true 915 384 1 true 455 350 1 true 455 550 1 true 715 300 1 true 715 600 1 true 605 432 1 true 840 400 3 false 840 500 3 false 880 350 1 true 880 550 1 true 650 300 1 true 650 600 1 true 1100 420 0 false 
820 450 3 false 930 370 1 true 930 380 1 true 470 350 1 true 470 550 1 true 730 300 1 true 730 600 1 true 590 431 1 true 840 400 3 false 840 500 3 false 865 350 1 true 865 550 1 true 635 300 1 true 635 600 1 true 1100 420 0 false 
820 450 3 false 945 369 1 true 945 376 1 true 485 350 1 true 485 550 1 true 745 300 1 true 745 600 1 true 575 430 1 true 840 400 3 false 840 500 3 false 850 350 1 true 850 550 1 true 620 300 1 true 620 600 1 true 1100 420 0 false 
820 450 3 false 960 368 1 true 960 372 1 true 500 350 1 true 500 550 1 true 760 300 1 true 760 600 1 true 560 429 1 true 840 400 3 false 840 500 3 false 835 350 1 true 835 550 1 true 605 300 1 true 605 600 1 true 1100 420 0 false 
820 450 3 false 975 367 1 true 975 368 1 true 515 350 1 true 515 550 1 true 775 300 1 true 775 600 1 true 545 428 1 true 840 400 3 false 840 500 3 false 820 350 1 true 820 550 1 true 590 300 1 true 590 600 1 true 1100 420 0 false 
820 450 3 false 990 366 1 true 990 364 1 true 530 350 1 true 530 550 1 true 790 300 1 true 790 600 1 true 530 427 1 true 840 400 3 false 840 500 3 false 805 350 1 true 805 550 1 true 575 300 1 true 575 600 1 true 1100 420 0 false 
820 450 3 false 1005 365 1 true 1005 360 1 true 545 350 1 true 545 550 1 true 805 300 1 true 805 600 1 true 515 426 1 true 840 400 3 false 840 500 3 false 790 350 1 true 790 550 1 true 560 300 1 true 560 600 1 true 1100 420 0 false 
820 450 3 false 495 399 3 false 1020 356 1 true 560 350 1 true 560 550 1 true 820 300 1 true 820 600 1 true 860 449 1 true 840 400 3 false 840 500 3 false 790 350 3 false 775 550 1 true 545 300 1 true 545 600 1 true 1100 420 0 false 
820 450 3 false 495 399 3 false 1035 352 1 true 575 350 1 true 575 550 1 true 835 300 1 true 835 600 1 true 860 451 1 true 840 400 3 false 840 500 3 false 790 350 3 false 760 550 1 true 530 300 1 true 530 600 1 true 1100 420 0 false 
820 450 3 false 495 399 3 false 1050 348 1 true 590 350 1 true 590 550 1 true 850 300 1 true 850 600 1 true 845 452 1 true 840 400 3 false 840 500 3 false 790 350 3 false 745 550 1 true 515 300 1 true 515 600 1 true 1100 420 0 false 
820 450 3 false 495 399 3 false 1065 344 1 true 605 350 1 true 605 550 1 true 865 300 1 true 865 600 1 true 830 453 1 true 840 400 3 false 840 500 3 false 790 350 3 false 730 550 1 true 500 300 1 true 500 600 1 true 1100 420 0 false 
820 450 3 false 495 399 3 false 1080 340 1 true 620 350 1 true 620 550 1 true 880 300 1 true 880 600 1 true 815 454 1 true 840 400 3 false 840 500 3 false 790 350 3 false 715 550 1 true 485 300 1 true 485 600 1 true 1100 420 0 false 
820 450 3 false 495 399 3 false 1095 336 1 true 635 350 1 true 635 550 1 true 895 300 1 true 895 600 1 true 800 455 1 true 840 400 3 false 840 500 3 false 790 350 3 false 700 550 1 true 470 300 1 true 470 600 1 true 1100 420 0 false 
820 450 3 false 495 399 3 false 1110 332 1 true 650 350 1 true 650 550 1 true 910 300 1 true 910 600 1 true 785 456 1 true 840 400 3 false 840 500 3 false 790 350 3 false 685 550 1 true 455 300 1 true 455 600 1 true 1100 420 0 false 
820 450 3 false 495 399 3 false 1125 328 1 true 665 350 1 true 665 550 1 true 925 300 1 true 925 600 1 true 770 457 1 true 840 400 3 false 840 500 3 false 790 350 3 false 670 550 1 true 440 300 1 true 440 600 1 true 1100 420 0 false 
820 450 3 false 495 399 3 false 495 501 1 true 680 350 1 true 680 550 1 true 940 300 1 true 940 600 1 true 755 458 1 true 840 400 3 false 840 500 3 false 790 350 3 false 655 550 1 true 425 300 1 true 425 600 1 true 1100 420 0 false 
820 450 3 false 495 399 3 false 510 502 1 true 695 350 1 true 695 550 1 true 955 300 1 true 955 600 1 true 740 459 1 true 840 400 3 false 840 500 3 false 790 350 3 false 640 550 1 true 410 300 1 true 410 600 1 true 1100 420 0 false 
820 450 3 false 495 399 3 false 525 503 1 true 710 350 1 true 710 550 1 true 970 300 1 true 970 600 1 true 725 460 1 true 840 400 3 false 840 500 3 false 790 350 3 false 625 550 1 true 395 300 1 true 395 600 1 true 1100 420 0 false 
820 450 3 false 495 399 3 false 540 504 1 true 725 350 1 true 725 550 1 true 985 300 1 true 985 600 1 true 710 461 1 true 840 400 3 false 840 500 3 false 790 350 3 false 610 550 1 true 380 300 1 true 380 600 1 true 1100 420 0 false 
820 450 3 false 495 399 3 false 555 505 1 true 740 350 1 true 740 550 1 true 1000 300 1 true 1000 600 2 true 695 462 1 true 840 400 3 false 840 500 3 false 790 350 3 false 595 550 1 true 1070 300 1 true 1070 600 1 true 1100 420 0 false 
820 450 3 false 495 399 3 false 570 506 1 true 755 350 1 true 755 550 1 true 1015 300 1 true 1015 600 1 true 680 463 1 true 840 400 3 false 840 500 3 false 790 350 3 false 580 550 1 true 1055 300 1 true 1055 600 1 true 1100 420 0 false 
820 450 3 false 495 399 3 false 585 507 1 true 770 350 1 true 770 550 1 true 1030 300 1 true 1030 600 1 true 665 464 1 true 840 400 3 false 840 500 3 false 790 350 3 false 565 550 1 true 1040 300 1 true 1040 600 1 true 1100 420 0 false 
820 450 3 false 495 399 3 false 600 508 1 true 785 350 1 true 785 550 1 true 1045 300 1 true 1045 600 1 true 650 465 1 true 840 400 3 false 840 500 3 false 790 350 3 false 550 550 1 true 1025 300 1 true 1025 600 1 true 1100 420 0 false 
820 450 3 false 495 399 3 false 615 509 1 true 800 350 1 true 800 550 1 true 1060 300 1 true 1060 600 1 true 635 466 1 true 840 400 3 false 840 500 3 false 790 350 3 false 535 550 1 true 1010 300 1 true 1010 600 1 true 1100 420 0 false 
820 450 3 false 495 399 3 false 630 510 1 true 815 350 1 true 815 550 1 true 1075 300 1 true 1075 600 1 true 620 467 1 true 840 400 3 false 840 500 3 false 790 350 3 false 520 550 1 true 995 300 1 true 995 600 1 true 1100 420 0 false 
820 450 3 false 495 399 3 false 645 511 1 true 830 350 1 true 830 550 1 true 355 300 1 true 355 600 1 true 605 468 1 true 840 400 3 false 840 500 3 false 790 350 3 false 505 550 1 true 980 300 1 true 980 600 1 true 1100 420 0 false 
820 450 3 false 495 399 3 false 660 512 1 true 845 350 1 true 845 550 1 true 370 300 1 true 370 600 1 true 590 469 1 true 840 400 3 false 840 500 3 false 790 350 3 false 490 550 1 true 965 300 1 true 965 600 1 true 1100 420 0 false 
820 450 3 false 495 399 3 false 675 513 1 true 860 350 1 true 860 550 1 true 385 300 1 true 385 600 1 true 575 470 1 true 840 400 3 false 840 500 3 false 790 350 3 false 475 550 1 true 950 300 1 true 950 600 1 true 1100 420 0 false 
820 450 3 false 495 399 3 false 690 514 1 true 875 350 1 true 875 550 1 true 400 300 1 true 400 600 1 true 560 471 1 true 840 400 3 false 840 500 3 false 790 350 3 false 460 550 1 true 935 300 1 true 935 600 1 true 1100 420 0 false 
820 450 3 false 495 399 3 false 705 515 1 true 890 350 1 true 890 550 1 true 415 300 1 true 415 600 1 true 545 472 1 true 840 400 3 false 840 500 3 false 790 350 3 false 445 550 1 true 920 300 1 true 920 600 1 true 1100 420 0 false 
820 450 3 false 495 399 3 false 720 516 1 true 905 350 1 true 905 550 2 true 430 300 1 true 430 600 1 true 530 473 1 true 840 400 3 false 840 500 3 false 790 350 3 false 1000 550 1 true 905 300 1 true 905 600 1 true 1100 420 0 false 
820 450 3 false 495 399 3 false 735 517 1 true 920 350 1 true 920 550 1 true 445 300 1 true 445 600 1 true 515 474 1 true 840 400 3 false 840 500 3 false 790 350 3 false 985 550 1 true 890 300 1 true 890 600 1 true 1100 420 0 false 
820 450 3 false 495 399 3 false 750 518 2 true 935 350 1 true 935 550 1 true 460 300 1 true 460 600 1 true 860 451 1 true 840 400 3 false 840 500 3 false 790 350 3 false 970 550 1 true 875 300 1 true 875 600 1 true 1100 420 0 false 
820 450 3 false 495 399 3 false 765 519 1 true 950 350 1 true 950 550 1 true 475 300 1 true 475 600 1 true 845 452 1 true 840 400 3 false 840 500 3 false 790 350 3 false 955 550 1 true 860 300 1 true 860 600 1 true 1100 420 0 false 
820 450 3 false 495 399 3 false 780 520 1 true 965 350 1 true 965 550 1 true 490 300 1 true 490 600 1 true 830 453 1 true 840 400 3 false 840 500 3 false 790 350 3 false 940 550 1 true 845 300 1 true 845 600 1 true 1100 420 0 false 
820 450 3 false 495 399 3 false 795 521 1 true 980 350 1 true 980 550 1 true 505 300 1 true 505 600 1 true 815 454 1 true 840 400 3 false 840 500 3 false 790 350 3 false 925 550 1 true 830 300 1 true 830 600 1 true 1100 420 0 false 
820 450 3 false 495 399 3 false 810 522 1 true 995 350 1 true 995 550 1 true 520 300 1 true 520 600 1 true 800 455 1 true 840 400 3 false 840 500 3 false 790 350 3 false 910 550 1 true 815 300 1 true 815 600 1 true 1100 420 0 false 
820 450 3 false 495 399 3 false 825 523 1 true 1010 350 1 true 1010 550 1 true 535 300 1 true 535 600 1 true 785 456 1 true 840 400 3 false 840 500 3 false 790 350 3 false 895 550 1 true 800 300 1 true 800 600 1 true 1100 420 0 false 
820 450 3 false 495 399 3 false 840 524 1 true 1025 350 1 true 425 550 1 true 550 300 1 true 550 600 1 true 770 457 1 true 840 400 3 false 840 500 3 false 790 350 3 false 895 550 3 false 785 300 1 true 785 600 1 true 1100 420 0 false 
820 450 3 false 495 399 3 false 855 525 1 true 1040 350 1 true 425 545 1 true 565 300 1 true 565 600 1 true 755 458 1 true 840 400 3 false 840 500 3 false 790 350 3 false 895 550 3 false 770 300 1 true 770 600 1 true 1100 420 0 false 
820 450 3 false 495 399 3 false 870 526 1 true 1055 350 1 true 440 540 1 true 580 300 1 true 580 600 1 true 740 459 1 true 840 400 3 false 840 500 3 false 790 350 3 false 895 550 3 false 755 300 1 true 755 600 1 true 1100 420 0 false 
820 450 3 false 495 399 3 false 885 527 1 true 1070 350 1 true 455 535 1 true 595 300 1 true 595 600 1 true 725 460 1 true 840 400 3 false 840 500 3 false 790 350 3 false 895 550 3 false 740 300 1 true 740 600 1 true 1100 420 0 false 
820 450 3 false 495 399 3 false 900 528 1 true 1085 350 1 true 470 530 1 true 610 300 1 true 610 600 1 true 710 461 1 true 840 400 3 false 840 500 3 false 790 350 3 false 895 550 3 false 725 300 1 true 725 600 1 true 1100 420 0 false 
820 450 3 false 495 399 3 false 915 529 1 true 425 350 1 true 485 525 1 true 625 300 1 true 625 600 1 true 695 462 1 true 840 400 3 false 840 500 3 false 790 350 3 false 895 550 3 false 725 300 3 false 710 600 1 true 1100 420 0 false 
820 450 3 false 495 399 3 false 930 530 1 true 425 355 1 true 500 520 1 true 640 300 1 true 640 600 1 true 680 463 1 true 840 400 3 false 840 500 3 false 790 350 3 false 895 550 3 false 725 300 3 false 695 600 1 true 1100 420 0 false 
820 450 3 false 495 399 3 false 945 531 1 true 440 360 1 true 515 515 1 true 655 300 1 true 655 600 1 true 665 464 1 true 840 400 3 false 840 500 3 false 790 350 3 false 895 550 3 false 725 300 3 false 680 600 1 true 1100 420 0 false 
820 450 3 false 495 399 3 false 960 532 1 true 455 365 1 true 530 510 1 true 670 300 1 true 670 600 1 true 650 465 1 true 840 400 3 false 840 500 3 false 790 350 3 false 895 550 3 false 725 300 3 false 665 600 1 true 1100 420 0 false 
820 450 3 false 495 399 3 false 975 533 1 true 470 370 1 true 545 505 1 true 685 300 1 true 685 600 1 true 635 466 1 true 840 400 3 false 840 500 3 false 790 350 3 false 895 550 3 false 725 300 3 false 650 600 1 true 1100 420 0 false 
820 450 3 false 495 399 3 false 990 534 1 true 485 375 1 true 560 500 1 true 700 300 1 true 700 600 1 true 620 467 1 true 840 400 3 false 840 500 3 false 790 350 3 false 895 550 3 false 725 300 3 false 635 600 1 true 1100 420 0 false 
820 450 3 false 495 399 3 false 1005 535 1 true 500 380 1 true 575 495 1 true 715 300 1 true 715 600 1 true 605 468 1 true 840 400 3 false 840 500 3 false 790 350 3 false 895 550 3 false 725 300 3 false 620 600 1 true 1100 420 0 false 
820 450 3 false 495 399 3 false 1020 536 1 true 515 385 1 true 590 490 1 true 730 300 1 true 730 600 1 true 590 469 1 true 840 400 3 false 840 500 3 false 790 350 3 false 895 550 3 false 725 300 3 false 605 600 1 true 1100 420 0 false 
820 450 3 false 495 399 3 false 1035 537 1 true 530 390 1 true 605 485 1 true 745 300 1 true 745 600 1 true 575 470 1 true 840 400 3 false 840 500 3 false 790 350 3 false 895 550 3 false 725 300 3 false 590 600 1 true 1100 420 0 false 
820 450 3 false 495 399 3 false 1050 538 1 true 545 395 1 true 620 480 1 true 760 300 1 true 760 600 1 true 560 471 1 true 840 400 3 false 840 500 3 false 790 350 3 false 895 550 3 false 725 300 3 false 575 600 1 true 1100 420 0 false 
820 450 3 false 495 399 3 false 1065 539 1 true 560 400 1 true 635 475 1 true 775 300 1 true 775 600 1 true 545 472 1 true 840 400 3 false 840 500 3 false 790 350 3 false 895 550 3 false 725 300 3 false 560 600 1 true 1100 420 0 false 
820 450 3 false 495 399 3 false 1080 540 1 true 575 405 1 true 650 470 1 true 790 300 1 true 790 600 1 true 530 473 1 true 840 400 3 false 840 500 3 false 790 350 3 false 895 550 3 false 725 300 3 false 545 600 1 true 1100 420 0 false 
820 450 3 false 495 399 3 false 1095 541 1 true 590 410 1 true 665 465 1 true 805 300 1 true 805 600 1 true 515 474 1 true 840 400 3 false 840 500 3 false 790 350 3 false 895 550 3 false 725 300 3 false 530 600 1 true 1100 420 0 false 
820 450 3 false 495 399 3 false 1095 541 3 false 605 415 1 true 680 460 1 true 820 300 1 true 820 600 1 true 860 451 1 true 840 400 3 false 840 500 3 false 790 350 3 false 895 550 3 false 725 300 3 false 515 600 1 true 1100 420 0 false 
820 450 3 false 495 399 3 false 1095 541 3 false 620 420 1 true 695 455 1 true 835 300 1 true 835 600 1 true 860 447 1 true 840 400 3 false 840 500 3 false 790 350 3 false 895 550 3 false 725 300 3 false 500 600 1 true 1100 420 0 false 
820 450 3 false 495 399 3 false 1095 541 3 false 635 425 1 true 710 450 1 true 850 300 1 true 850 600 1 true 845 444 1 true 840 400 3 false 840 500 3 false 790 350 3 false 895 550 3 false 725 300 3 false 485 600 1 true 1100 420 0 false 
820 450 3 false 495 399 3 false 1095 541 3 false 650 430 1 true 725 445 1 true 865 300 1 true 865 600 1 true 830 441 1 true 840 400 3 false 840 500 3 false 790 350 3 false 895 550 3 false 725 300 3 false 470 600 1 true 1100 420 0 false 
820 450 3 false 495 399 3 false 1095 541 3 false 665 435 1 true 740 440 1 true 880 300 1 true 880 600 1 true 815 438 1 true 840 400 3 false 840 500 3 false 790 350 3 false 895 550 3 false 725 300 3 false 455 600 1 true 1100 420 0 false 
820 450 3 false 495 399 3 false 1095 541 3 false 680 440 1 true 755 435 1 true 895 300 1 true 895 600 1 true 800 435 1 true 840 400 3 false 840 500 3 false 790 350 3 false 895 550 3 false 725 300 3 false 440 600 1 true 1100 420 0 false 
820 450 3 false 495 399 3 false 1095 541 3 false 695 445 1 true 770 430 1 true 910 300 1 true 910 600 1 true 785 432 1 true 840 400 3 false 840 500 3 false 790 350 3 false 895 550 3 false 725 300 3 false 425 600 1 true 1100 420 0 false 
820 450 3 false 495 399 3 false 1095 541 3 false 710 450 1 true 785 425 1 true 925 300 1 true 925 600 1 true 770 429 1 true 840 400 3 false 840 500 3 false 790 350 3 false 895 550 3 false 725 300 3 false 410 600 1 true 1100 420 0 false 
820 450 3 false 495 399 3 false 1095 541 3 false 725 455 1 true 800 420 1 true 940 300 1 true 940 600 1 true 755 426 1 true 840 400 3 false 840 500 3 false 790 350 3 false 895 550 3 false 725 300 3 false 395 600 1 true 1100 420 0 false 
820 450 3 false 495 399 3 false 1095 541 3 false 740 460 1 true 815 415 1 true 955 300 1 true 955 600 1 true 740 423 1 true 840 400 3 false 840 500 3 false 790 350 3 false 895 550 3 false 725 300 3 false 380 600 1 true 1100 420 0 false 
820 450 3 false 495 399 3 false 1095 541 3 false 755 465 1 true 830 410 1 true 970 300 1 true 970 600 1 true 725 420 1 true 840 400 3 false 840 500 3 false 790 350 3 false 895 550 3 false 725 300 3 false 1070 600 1 true 1100 420 0 false 
820 450 3 false 495 399 3 false 1095 541 3 false 770 470 1 true 845 405 1 true 985 300 1 true 985 600 1 true 710 417 1 true 840 400 3 false 840 500 3 false 790 350 3 false 895 550 3 false 725 300 3 false 1055 600 1 true 1100 420 0 false 
820 450 3 false 495 399 3 false 1095 541 3 false 785 475 1 true 860 400 1 true 1000 300 1 true 1000 600 1 true 695 414 1 true 840 400 3 false 840 500 3 false 790 350 3 false 895 550 3 false 725 300 3 false 1040 600 1 true 1100 420 0 false 
820 450 3 false 495 399 3 false 1095 541 3 false 800 480 1 true 875 395 1 true 1015 300 1 true 1015 600 1 true 680 411 1 true 840 400 3 false 840 500 3 false 790 350 3 false 895 550 3 false 725 300 3 false 1025 600 1 true 1100 420 0 false 
820 450 3 false 495 399 3 false 1095 541 3 false 815 485 1 true 890 390 1 true 1030 300 1 true 1030 600 1 true 665 408 1 true 840 400 3 false 840 500 3 false 790 350 3 false 895 550 3 false 725 300 3 false 1010 600 1 true 1100 420 0 false 
820 450 3 false 495 399 3 false 1095 541 3 false 830 490 1 true 905 385 1 true 1045 300 1 true 1045 600 1 true 650 405 1 true 840 400 3 false 840 500 3 false 790 350 3 false 895 550 3 false 725 300 3 false 995 600 1 true 1100 420 0 false 
820 450 3 false 495 399 3 false 1095 541 3 false 845 495 1 true 920 380 1 true 1060 300 1 true 1060 600 1 true 635 402 1 true 840 400 3 false 840 500 3 false 790 350 3 false 895 550 3 false 725 300 3 false 980 600 1 true 1100 420 0 false 
820 450 3 false 495 399 3 false 1095 541 3 false 860 500 1 true 935 375 1 true 1075 300 1 true 1075 600 1 true 620 399 1 true 840 400 3 false 840 500 3 false 790 350 3 false 895 550 3 false 725 300 3 false 965 600 1 true 1100 420 0 false 
820 450 3 false 495 399 3 false 1095 541 3 false 875 505 1 true 950 370 1 true 1090 300 1 true 355 600 1 true 605 396 1 true 840 400 3 false 840 500 3 false 790 350 3 false 895 550 3 false 725 300 3 false 950 600 3 false 1100 420 0 false 
820 450 3 false 495 399 3 false 1095 541 3 false 425 355 1 true 965 365 1 true 1105 300 1 true 355 596 1 true 590 393 3 false 840 400 3 false 840 500 3 false 790 350 3 false 895 550 3 false 725 300 3 false 950 600 3 false 1100 420 0 false 
820 450 3 false 495 399 3 false 1095 541 3 false 425 351 1 true 425 548 1 true 355 302 1 true 355 597 1 true 590 393 3 false 840 400 3 false 840 500 3 false 790 350 3 false 895 550 3 false 725 300 3 false 950 600 3 false 1070 418 1 true 
820 450 3 false 495 399 3 false 1095 541 3 false 440 352 1 true 440 546 1 true 370 304 1 true 370 594 1 true 590 393 3 false 840 400 3 false 840 500 3 false 790 350 3 false 895 550 3 false 725 300 3 false 950 600 3 false 1055 417 1 true 
820 450 3 false 495 399 3 false 1095 541 3 false 455 353 1 true 455 544 1 true 385 306 1 true 385 591 1 true 590 393 3 false 840 400 3 false 840 500 3 false 790 350 3 false 895 550 3 false 725 300 3 false 950 600 3 false 1040 416 1 true 
820 450 3 false 495 399 3 false 1095 541 3 false 470 354 1 true 470 542 1 true 400 308 1 true 400 588 1 true 590 393 3 false 840 400 3 false 840 500 3 false 790 350 3 false 895 550 3 false 725 300 3 false 950 600 3 false 1025 415 1 true 
820 450 3 false 495 399 3 false 1095 541 3 false 485 355 1 true 485 540 1 true 415 310 1 true 415 585 1 true 590 393 3 false 840 400 3 false 840 500 3 false 790 350 3 false 895 550 3 false 725 300 3 false 950 600 3 false 1010 414 1 true 
820 450 3 false 495 399 3 false 1095 541 3 false 500 356 1 true 500 538 1 true 430 312 1 true 430 582 1 true 590 393 3 false 840 400 3 false 840 500 3 false 790 350 3 false 895 550 3 false 725 300 3 false 950 600 3 false 995 413 1 true 
820 450 3 false 495 399 3 false 1095 541 3 false 515 357 1 true 515 536 1 true 445 314 1 true 445 579 1 true 590 393 3 false 840 400 3 false 840 500 3 false 790 350 3 false 895 550 3 false 725 300 3 false 950 600 3 false 980 412 1 true 
820 450 3 false 495 399 3 false 1095 541 3 false 530 358 1 true 530 534 1 true 460 316 1 true 460 576 1 true 590 393 3 false 840 400 3 false 840 500 3 false 790 350 3 false 895 550 3 false 725 300 3 false 950 600 3 false 965 411 1 true 
820 450 3 false 495 399 3 false 1095 541 3 false 545 359 1 true 545 532 1 true 475 318 1 true 475 573 1 true 590 393 3 false 840 400 3 false 840 500 3 false 790 350 3 false 895 550 3 false 725 300 3 false 950 600 3 false 950 410 1 true 
820 450 3 false 495 399 3 false 1095 541 3 false 560 360 1 true 560 530 1 true 490 320 1 true 490 570 1 true 590 393 3 false 840 400 3 false 840 500 3 false 790 350 3 false 895 550 3 false 725 300 3 false 950 600 3 false 935 409 1 true 
820 450 3 false 495 399 3 false 1095 541 3 false 575 361 1 true 575 528 1 true 505 322 1 true 505 567 1 true 590 393 3 false 840 400 3 false 840 500 3 false 790 350 3 false 895 550 3 false 725 300 3 false 950 600 3 false 920 408 1 true 
820 450 3 false 495 399 3 false 1095 541 3 false 590 362 1 true 590 526 1 true 520 324 1 true 520 564 1 true 590 393 3 false 840 400 3 false 840 500 3 false 790 350 3 false 895 550 3 false 725 300 3 false 950 600 3 false 905 407 1 true 
820 450 3 false 495 399 3 false 1095 541 3 false 605 363 1 true 605 524 1 true 535 326 1 true 535 561 1 true 590 393 3 false 840 400 3 false 840 500 3 false 790 350 3 false 895 550 3 false 725 300 3 false 950 600 3 false 890 406 1 true 
820 450 3 false 495 399 3 false 1095 541 3 false 620 364 1 true 620 522 1 true 550 328 1 true 550 558 1 true 590 393 3 false 840 400 3 false 840 500 3 false 790 350 3 false 895 550 3 false 725 300 3 false 950 600 3 false 875 405 1 true 
820 450 3 false 495 399 3 false 1095 541 3 false 635 365 1 true 635 520 1 true 565 330 1 true 565 555 1 true 590 393 3 false 840 400 3 false 840 500 3 false 790 350 3 false 895 550 3 false 725 300 3 false 950 600 3 false 860 404 1 true 
820 450 3 false 495 399 3 false 1095 541 3 false 650 366 1 true 650 518 1 true 580 332 1 true 580 552 1 true 590 393 3 false 840 400 3 false 840 500 3 false 790 350 3 false 895 550 3 false 725 300 3 false 950 600 3 false 845 403 1 true 
820 450 3 false 495 399 3 false 1095 541 3 false 665 367 1 true 665 516 1 true 595 334 1 true 595 549 1 true 590 393 3 false 840 400 3 false 840 500 3 false 790 350 3 false 895 550 3 false 725 300 3 false 950 600 3 false 830 402 1 true 
820 450 3 false 495 399 3 false 1095 541 3 false 680 368 1 true 680 514 1 true 610 336 1 true 610 546 1 true 590 393 3 false 840 400 3 false 840 500 3 false 790 350 3 false 895 550 3 false 725 300 3 false 950 600 3 false 815 401 1 true 
820 450 3 false 495 399 3 false 1095 541 3 false 695 369 1 true 695 512 1 true 625 338 1 true 625 543 1 true 590 393 3 false 840 400 3 false 840 500 3 false 790 350 3 false 895 550 3 false 725 300 3 false 950 600 3 false 800 400 1 true 
820 450 3 false 495 399 3 false 1095 541 3 false 710 370 1 true 710 510 1 true 640 340 1 true 640 540 1 true 590 393 3 false 840 400 3 false 840 500 3 false 790 350 3 false 895 550 3 false 725 300 3 false 950 600 3 false 785 399 1 true 
820 450 3 false 495 399 3 false 1095 541 3 false 725 371 1 true 725 508 1 true 655 342 1 true 655 537 1 true 590 393 3 false 840 400 3 false 840 500 3 false 790 350 3 false 895 550 3 false 725 300 3 false 950 600 3 false 770 398 1 true 
820 450 3 false 495 399 3 false 1095 541 3 false 740 372 1 true 740 506 1 true 670 344 1 true 670 534 1 true 590 393 3 false 840 400 3 false 840 500 3 false 790 350 3 false 895 550 3 false 725 300 3 false 950 600 3 false 755 397 1 true 
820 450 3 false 495 399 3 false 1095 541 3 false 755 373 1 true 755 504 1 true 685 346 1 true 685 531 1 true 590 393 3 false 840 400 3 false 840 500 3 false 790 350 3 false 895 550 3 false 725 300 3 false 950 600 3 false 740 396 1 true 
820 450 3 false 495 399 3 false 1095 541 3 false 770 374 1 true 770 502 1 true 700 348 1 true 700 528 1 true 590 393 3 false 840 400 3 false 840 500 3 false 790 350 3 false 895 550 3 false 725 300 3 false 950 600 3 false 725 395 1 true 
820 450 3 false 495 399 3 false 1095 541 3 false 785 375 1 true 785 500 1 true 715 350 1 true 715 525 1 true 590 393 3 false 840 400 3 false 840 500 3 false 790 350 3 false 895 550 3 false 725 300 3 false 950 600 3 false 710 394 1 true 
820 450 3 false 495 399 3 false 1095 541 3 false 800 376 1 true 800 498 1 true 730 352 1 true 730 522 1 true 590 393 3 false 840 400 3 false 840 500 3 false 790 350 3 false 895 550 3 false 725 300 3 false 950 600 3 false 695 393 1 true 
820 450 3 false 495 399 3 false 1095 541 3 false 815 377 1 true 815 496 1 true 745 354 1 true 745 519 1 true 590 393 3 false 840 400 3 false 840 500 3 false 790 350 3 false 895 550 3 false 725 300 3 false 950 600 3 false 680 392 1 true 
820 450 3 false 495 399 3 false 1095 541 3 false 830 378 1 true 830 494 1 true 760 356 1 true 760 516 1 true 590 393 3 false 840 400 3 false 840 500 3 false 790 350 3 false 895 550 3 false 725 300 3 false 950 600 3 false 665 391 1 true 
820 450 3 false 495 399 3 false 1095 541 3 false 845 379 1 true 845 492 1 true 775 358 1 true 775 513 1 true 590 393 3 false 840 400 3 false 840 500 3 false 790 350 3 false 895 550 3 false 725 300 3 false 950 600 3 false 650 390 1 true 
820 450 3 false 495 399 3 false 1095 541 3 false 860 380 1 true 860 490 1 true 790 360 1 true 790 510 1 true 590 393 3 false 840 400 3 false 840 500 3 false 790 350 3 false 895 550 3 false 725 300 3 false 950 600 3 false 635 389 1 true 
820 450 3 false 495 399 3 false 1095 541 3 false 875 381 1 true 875 488 1 true 805 362 1 true 805 507 1 true 590 393 3 false 840 400 3 false 840 500 3 false 790 350 3 false 895 550 3 false 725 300 3 false 950 600 3 false 620 388 1 true 
820 450 3 false 495 399 3 false 1095 541 3 false 890 382 1 true 890 486 1 true 820 364 1 true 820 504 1 true 590 393 3 false 840 400 3 false 840 500 3 false 790 350 3 false 895 550 3 false 725 300 3 false 950 600 3 false 605 387 1 true 
820 450 3 false 495 399 3 false 1095 541 3 false 905 383 1 true 905 484 1 true 835 366 1 true 835 501 1 true 590 393 3 false 840 400 3 false 840 500 3 false 790 350 3 false 895 550 3 false 725 300 3 false 950 600 3 false 590 386 1 true 
820 450 3 false 495 399 3 false 1095 541 3 false 920 384 1 true 920 482 1 true 850 368 1 true 850 498 1 true 590 393 3 false 840 400 3 false 840 500 3 false 790 350 3 false 895 550 3 false 725 300 3 false 950 600 3 false 575 385 1 true 
820 450 3 false 495 399 3 false 1095 541 3 false 935 385 1 true 935 480 1 true 865 370 1 true 865 495 1 true 590 393 3 false 840 400 3 false 840 500 3 false 790 350 3 false 895 550 3 false 725 300 3 false 950 600 3 false 560 384 1 true 
820 450 3 false 495 399 3 false 1095 541 3 false 950 386 1 true 950 478 1 true 880 372 1 true 880 492 1 true 590 393 3 false 840 400 3 false 840 500 3 false 790 350 3 false 895 550 3 false 725 300 3 false 950 600 3 false 545 383 1 true 
820 450 3 false 495 399 3 false 1095 541 3 false 965 387 1 true 965 476 1 true 895 374 1 true 895 489 1 true 590 393 3 false 840 400 3 false 840 500 3 false 790 350 3 false 895 550 3 false 725 300 3 false 950 600 3 false 530 382 1 true 
820 450 3 false 495 399 3 false 1095 541 3 false 980 388 1 true 980 474 1 true 910 376 1 true 910 486 1 true 590 393 3 false 840 400 3 false 840 500 3 false 790 350 3 false 895 550 3 false 725 300 3 false 950 600 3 false 515 381 1 true 
820 450 3 false 495 399 3 false 1095 541 3 false 995 389 1 true 995 472 1 true 925 378 1 true 925 483 1 true 590 393 3 false 840 400 3 false 840 500 3 false 790 350 3 false 895 550 3 false 725 300 3 false 950 600 3 false 500 380 1 true 
820 450 3 false 495 399 3 false 1095 541 3 false 1010 390 1 true 1010 470 1 true 940 380 1 true 940 480 1 true 590 393 3 false 840 400 3 false 840 500 3 false 790 350 3 false 895 550 3 false 725 300 3 false 950 600 3 false 485 379 1 true 
820 450 3 false 495 399 3 false 1095 541 3 false 1025 391 1 true 1025 468 1 true 955 382 1 true 955 477 1 true 590 393 3 false 840 400 3 false 840 500 3 false 790 350 3 false 895 550 3 false 725 300 3 false 950 600 3 false 470 378 1 true 
820 450 3 false 495 399 3 false 1095 541 3 false 1040 392 1 true 1040 466 1 true 970 384 1 true 970 474 1 true 590 393 3 false 840 400 3 false 840 500 3 false 790 350 3 false 895 550 3 false 725 300 3 false 950 600 3 false 455 377 1 true 
820 450 3 false 495 399 3 false 1095 541 3 false 1055 393 1 true 1055 464 1 true 985 386 1 true 985 471 1 true 590 393 3 false 840 400 3 false 840 500 3 false 790 350 3 false 895 550 3 false 725 300 3 false 950 600 3 false 440 376 1 true 
820 450 3 false 495 399 3 false 1095 541 3 false 1070 394 1 true 1070 462 1 true 1000 388 1 true 1000 468 1 true 590 393 3 false 840 400 3 false 840 500 3 false 790 350 3 false 895 550 3 false 725 300 3 false 950 600 3 false 425 375 1 true 
820 450 3 false 495 399 3 false 1095 541 3 false 1085 395 2 true 1085 460 1 true 1015 390 1 true 1015 465 1 true 590 393 3 false 840 400 3 false 840 500 3 false 790 350 3 false 895 550 3 false 725 300 3 false 950 600 3 false 1085 419 1 true 
820 450 3 false 495 399 3 false 1095 541 3 false 1100 396 1 true 1100 458 1 true 1030 392 1 true 1030 462 1 true 590 393 3 false 840 400 3 false 840 500 3 false 790 350 3 false 895 550 3 false 725 300 3 false 950 600 3 false 1070 418 1 true 
820 450 3 false 495 399 3 false 1095 541 3 false 1115 397 1 true 425 548 1 true 1045 394 1 true 1045 459 1 true 590 393 3 false 840 400 3 false 840 500 3 false 790 350 3 false 895 550 3 false 725 300 3 false 950 600 3 false 1055 417 2 true 
820 450 3 false 495 399 3 false 1095 541 3 false 1130 398 1 true 440 546 1 true 1060 396 1 true 1060 456 1 true 590 393 3 false 840 400 3 false 840 500 3 false 790 350 3 false 895 550 3 false 725 300 3 false 950 600 3 false 1040 416 1 true 
820 450 3 false 495 399 3 false 1095 541 3 false 1145 399 1 true 455 544 1 true 1075 398 1 true 1075 453 1 true 590 393 3 false 840 400 3 false 840 500 3 false 790 350 3 false 895 550 3 false 725 300 3 false 950 600 3 false 1025 415 1 true 
820 450 3 false 495 399 3 false 1095 541 3 false 1160 400 1 true 470 542 1 true 1090 400 1 true 1090 450 1 true 590 393 3 false 840 400 3 false 840 500 3 false 790 350 3 false 895 550 3 false 725 300 3 false 950 600 3 false 1010 414 1 true 
820 450 3 false 495 399 3 false 1095 541 3 false 1175 401 1 true 485 540 1 true 1105 402 1 true 355 597 1 true 590 393 3 false 840 400 3 false 840 500 3 false 790 350 3 false 895 550 3 false 725 300 3 false 950 600 3 false 995 413 1 true 
820 450 3 false 495 399 3 false 1095 541 3 false 1190 402 1 true 500 538 1 true 1120 404 1 true 370 594 1 true 590 393 3 false 840 400 3 false 840 500 3 false 790 350 3 false 895 550 3 false 725 300 3 false 950 600 3 false 980 412 1 true 
820 450 3 false 495 399 3 false 1095 541 3 false 1205 403 1 true 515 536 1 true 1135 406 1 true 385 591 1 true 590 393 3 false 840 400 3 false 840 500 3 false 790 350 3 false 895 550 3 false 725 300 3 false 950 600 3 false 965 411 1 true 
820 450 3 false 495 399 3 false 1095 541 3 false 1220 404 1 true 530 534 1 true 1150 408 1 true 400 588 1 true 590 393 3 false 840 400 3 false 840 500 3 false 790 350 3 false 895 550 3 false 725 300 3 false 950 600 3 false 950 410 1 true 
820 450 3 false 495 399 3 false 1095 541 3 false 1235 405 1 true 545 532 1 true 355 302 1 true 415 585 1 true 590 393 3 false 840 400 3 false 840 500 3 false 790 350 3 false 895 550 3 false 725 300 3 false 950 600 3 false 935 409 2 true 
820 450 3 false 495 399 3 false 1095 541 3 false 1250 406 1 true 560 530 1 true 370 304 1 true 430 582 1 true 590 393 3 false 840 400 3 false 840 500 3 false 790 350 3 false 895 550 3 false 725 300 3 false 950 600 3 false 920 408 1 true 
820 450 3 false 495 399 3 false 1095 541 3 false 1265 407 1 true 575 528 1 true 385 306 1 true 445 579 1 true 590 393 3 false 840 400 3 false 840 500 3 false 790 350 3 false 895 550 3 false 725 300 3 false 950 600 3 false 905 407 1 true 
820 450 3 false 495 399 3 false 1095 541 3 false 1280 408 1 true 590 526 1 true 400 308 1 true 460 576 1 true 590 393 3 false 840 400 3 false 840 500 3 false 790 350 3 false 895 550 3 false 725 300 3 false 950 600 3 false 890 406 1 true 
820 450 3 false 495 399 3 false 1095 541 3 false 1295 409 1 true 605 524 1 true 415 310 1 true 475 573 1 true 590 393 3 false 840 400 3 false 840 500 3 false 790 350 3 false 895 550 3 false 725 300 3 false 950 600 3 false 875 405 1 true 
820 450 3 false 495 399 3 false 1095 541 3 false 1310 410 1 true 620 522 1 true 430 312 1 true 490 570 1 true 590 393 3 false 840 400 3 false 840 500 3 false 790 350 3 false 895 550 3 false 725 300 3 false 950 600 3 false 860 404 1 true 
820 450 3 false 495 399 3 false 1095 541 3 false 1325 411 1 true 635 520 1 true 445 314 1 true 505 567 1 true 590 393 3 false 840 400 3 false 840 500 3 false 790 350 3 false 895 550 3 false 725 300 3 false 950 600 3 false 845 403 1 true 
820 450 3 false 495 399 3 false 1095 541 3 false 1340 412 1 true 650 518 1 true 460 316 1 true 520 564 1 true 590 393 3 false 840 400 3 false 840 500 3 false 790 350 3 false 895 550 3 false 725 300 3 false 950 600 3 false 830 402 1 true 
820 450 3 false 495 399 3 false 1095 541 3 false 1355 413 1 true 665 516 1 true 475 318 1 true 535 561 1 true 590 393 3 false 840 400 3 false 840 500 3 false 790 350 3 false 895 550 3 false 725 300 3 false 950 600 3 false 815 401 1 true 
820 450 3 false 495 399 3 false 1095 541 3 false 1370 414 1 true 680 514 1 true 490 320 1 true 550 558 1 true 590 393 3 false 840 400 3 false 840 500 3 false 790 350 3 false 895 550 3 false 725 300 3 false 950 600 3 false 800 400 1 true 
820 450 3 false 495 399 3 false 1095 541 3 false 1385 415 1 true 695 512 1 true 505 322 1 true 565 555 1 true 590 393 3 false 840 400 3 false 840 500 3 false 790 350 3 false 895 550 3 false 725 300 3 false 950 600 3 false 785 399 1 true 
820 450 3 false 495 399 3 false 1095 541 3 false 1400 416 1 true 710 510 1 true 520 324 1 true 580 552 1 true 590 393 3 false 840 400 3 false 840 500 3 false 790 350 3 false 895 550 3 false 725 300 3 false 950 600 3 false 770 398 1 true 
820 450 3 false 495 399 3 false 1095 541 3 false 1415 417 1 true 725 508 1 true 535 326 1 true 595 549 1 true 590 393 3 false 840 400 3 false 840 500 3 false 790 350 3 false 895 550 3 false 725 300 3 false 950 600 3 false 755 397 1 true 
820 450 3 false 495 399 3 false 1095 541 3 false 1430 418 1 true 740 506 1 true 550 328 1 true 610 546 1 true 590 393 3 false 840 400 3 false 840 500 3 false 790 350 3 false 895 550 3 false 725 300 3 false 950 600 3 false 740 396 1 true 
820 450 3 false 495 399 3 false 1095 541 3 false 1445 419 1 true 755 504 1 true 565 330 1 true 625 543 1 true 590 393 3 false 840 400 3 false 840 500 3 false 790 350 3 false 895 550 3 false 725 300 3 false 950 600 3 false 725 395 1 true 
820 450 3 false 495 399 3 false 1095 541 3 false 1460 420 1 true 770 502 1 true 580 332 1 true 640 540 1 true 590 393 3 false 840 400 3 false 840 500 3 false 790 350 3 false 895 550 3 false 725 300 3 false 950 600 3 false 710 394 1 true 
820 450 3 false 495 399 3 false 1095 541 3 false 1475 421 1 true 785 500 1 true 595 334 1 true 655 537 1 true 590 393 3 false 840 400 3 false 840 500 3 false 790 350 3 false 895 550 3 false 725 300 3 false 950 600 3 false 695 393 1 true 
820 450 3 false 495 399 3 false 1095 541 3 false 1490 422 1 true 800 498 1 true 610 336 1 true 670 534 1 true 590 393 3 false 840 400 3 false 840 500 3 false 790 350 3 false 895 550 3 false 725 300 3 false 950 600 3 false 680 392 1 true 
820 450 3 false 495 399 3 false 1095 541 3 false 1490 422 1 false 815 496 1 true 625 338 1 true 685 531 1 true 590 393 3 false 840 400 3 false 840 500 3 false 790 350 3 false 895 550 3 false 725 300 3 false 950 600 3 false 665 391 1 true 
820 450 3 false 495 399 3 false 1095 541 3 false 1490 422 1 false 830 494 1 true 640 340 1 true 700 528 1 true 590 393 3 false 840 400 3 false 840 500 3 false 790 350 3 false 895 550 3 false 725 300 3 false 950 600 3 false 650 390 1 true 
820 450 3 false 495 399 3 false 1095 541 3 false 1490 422 1 false 845 492 1 true 655 342 1 true 715 525 1 true 590 393 3 false 840 400 3 false 840 500 3 false 790 350 3 false 895 550 3 false 725 300 3 false 950 600 3 false 635 389 1 true 
820 450 3 false 495 399 3 false 1095 541 3 false 1490 422 1 false 860 490 1 true 670 344 1 true 730 522 1 true 590 393 3 false 840 400 3 false 840 500 3 false 790 350 3 false 895 550 3 false 725 300 3 false 950 600 3 false 620 388 1 true 
820 450 3 false 495 399 3 false 1095 541 3 false 1490 422 1 false 875 488 1 true 685 346 1 true 745 519 1 true 590 393 3 false 840 400 3 false 840 500 3 false 790 350 3 false 895 550 3 false 725 300 3 false 950 600 3 false 605 387 1 true 
820 450 3 false 495 399 3 false 1095 541 3 false 1490 422 1 false 890 486 1 true 700 348 1 true 760 516 1 true 590 393 3 false 840 400 3 false 840 500 3 false 790 350 3 false 895 550 3 false 725 300 3 false 950 600 3 false 590 386 1 true 
820 450 3 false 495 399 3 false 1095 541 3 false 1490 422 1 false 905 484 1 true 715 350 1 true 775 513 1 true 590 393 3 false 840 400 3 false 840 500 3 false 790 350 3 false 895 550 3 false 725 300 3 false 950 600 3 false 575 385 1 true 
820 450 3 false 495 399 3 false 1095 541 3 false 1490 422 1 false 920 482 1 true 730 352 1 true 790 510 1 true 590 393 3 false 840 400 3 false 840 500 3 false 790 350 3 false 895 550 3 false 725 300 3 false 950 600 3 false 560 384 1 true 
820 450 3 false 495 399 3 false 1095 541 3 false 1490 422 1 false 935 480 1 true 745 354 1 true 805 507 1 true 590 393 3 false 840 400 3 false 840 500 3 false 790 350 3 false 895 550 3 false 725 300 3 false 950 600 3 false 545 383 1 true 
820 450 3 false 495 399 3 false 1095 541 3 false 1490 422 1 false 950 478 1 true 760 356 1 true 820 504 1 true 590 393 3 false 840 400 3 false 840 500 3 false 790 350 3 false 895 550 3 false 725 300 3 false 950 600 3 false 530 382 1 true 
820 450 3 false 495 399 3 false 1095 541 3 false 1490 422 1 false 965 476 1 true 775 358 1 true 835 501 1 true 590 393 3 false 840 400 3 false 840 500 3 false 790 350 3 false 895 550 3 false 725 300 3 false 950 600 3 false 515 381 1 true 
820 450 3 false 495 399 3 false 1095 541 3 false 1490 422 1 false 980 474 1 true 790 360 1 true 850 498 1 true 590 393 3 false 840 400 3 false 840 500 3 false 790 350 3 false 895 550 3 false 725 300 3 false 950 600 3 false 500 380 1 true 
820 450 3 false 495 399 3 false 1095 541 3 false 1490 422 1 false 995 472 1 true 805 362 1 true 865 495 1 true 590 393 3 false 840 400 3 false 840 500 3 false 790 350 3 false 895 550 3 false 725 300 3 false 950 600 3 false 485 379 1 true 
820 450 3 false 495 399 3 false 1095 541 3 false 1490 422 1 false 1010 470 1 true 820 364 1 true 880 492 1 true 590 393 3 false 840 400 3 false 840 500 3 false 790 350 3 false 895 550 3 false 725 300 3 false 950 600 3 false 470 378 1 true 
820 450 3 false 495 399 3 false 1095 541 3 false 1490 422 1 false 1025 468 1 true 835 366 1 true 895 489 1 true 590 393 3 false 840 400 3 false 840 500 3 false 790 350 3 false 895 550 3 false 725 300 3 false 950 600 3 false 455 377 1 true 
820 450 3 false 495 399 3 false 1095 541 3 false 1490 422 1 false 1040 466 1 true 850 368 1 true 910 486 1 true 590 393 3 false 840 400 3 false 840 500 3 false 790 350 3 false 895 550 3 false 725 300 3 false 950 600 3 false 440 376 1 true 
820 450 3 false 495 399 3 false 1095 541 3 false 1490 422 1 false 1055 464 1 true 865 370 1 true 925 483 1 true 590 393 3 false 840 400 3 false 840 500 3 false 790 350 3 false 895 550 3 false 725 300 3 false 950 600 3 false 425 375 1 true 
820 450 3 false 495 399 3 false 1095 541 3 false 1490 422 3 false 1070 462 1 true 880 372 1 true 940 480 1 true 590 393 3 false 840 400 3 false 840 500 3 false 790 350 3 false 895 550 3 false 725 300 3 false 950 600 3 false 1085 419 1 true 
820 450 3 false 495 399 3 false 1095 541 3 false 1490 422 3 false 1085 460 1 true 895 374 1 true 955 477 1 true 590 393 3 false 840 400 3 false 840 500 3 false 790 350 3 false 895 550 3 false 725 300 3 false 950 600 3 false 1085 422 1 true 
820 450 3 false 495 399 3 false 1095 541 3 false 1490 422 3 false 1100 458 1 true 910 376 1 true 970 474 1 true 590 393 3 false 840 400 3 false 840 500 3 false 790 350 3 false 895 550 3 false 725 300 3 false 950 600 3 false 1070 424 1 true 
820 450 3 false 495 399 3 false 1095 541 3 false 1490 422 3 false 425 548 1 true 925 378 1 true 985 471 1 true 590 393 3 false 840 400 3 false 840 500 3 false 790 350 3 false 895 550 3 false 725 300 3 false 950 600 3 false 1055 426 1 true 
820 450 3 false 495 399 3 false 1095 541 3 false 1490 422 3 false 440 546 1 true 940 380 1 true 1000 468 1 true 590 393 3 false 840 400 3 false 840 500 3 false 790 350 3 false 895 550 3 false 725 300 3 false 950 600 3 false 1040 428 1 true 
820 450 3 false 495 399 3 false 1095 541 3 false 1490 422 3 false 455 544 1 true 955 382 1 true 1015 465 1 true 590 393 3 false 840 400 3 false 840 500 3 false 790 350 3 false 895 550 3 false 725 300 3 false 950 600 3 false 1025 430 1 true 
820 450 3 false 495 399 3 false 1095 541 3 false 1490 422 3 false 470 542 1 true 970 384 1 true 1030 462 1 true 590 393 3 false 840 400 3 false 840 500 3 false 790 350 3 false 895 550 3 false 725 300 3 false 950 600 3 false 1010 432 1 true 
820 450 3 false 495 399 3 false 1095 541 3 false 1490 422 3 false 485 540 1 true 985 386 1 true 1045 459 1 true 590 393 3 false 840 400 3 false 840 500 3 false 790 350 3 false 895 550 3 false 725 300 3 false 950 600 3 false 995 434 1 true 
820 450 3 false 495 399 3 false 1095 541 3 false 1490 422 3 false 500 538 1 true 1000 388 1 true 1060 456 1 true 590 393 3 false 840 400 3 false 840 500 3 false 790 350 3 false 895 550 3 false 725 300 3 false 950 600 3 false 980 436 1 true 
820 450 3 false 495 399 3 false 1095 541 3 false 1490 422 3 false 515 536 1 true 1015 390 1 true 1075 453 1 true 590 393 3 false 840 400 3 false 840 500 3 false 790 350 3 false 895 550 3 false 725 300 3 false 950 600 3 false 965 438 1 true 
820 450 3 false 495 399 3 false 1095 541 3 false 1490 422 3 false 530 534 1 true 1030 392 1 true 1090 450 1 true 590 393 3 false 840 400 3 false 840 500 3 false 790 350 3 false 895 550 3 false 725 300 3 false 950 600 3 false 950 440 1 true 
820 450 3 false 495 399 3 false 1095 541 3 false 1490 422 3 false 545 532 1 true 1045 394 1 true 355 597 1 true 590 393 3 false 840 400 3 false 840 500 3 false 790 350 3 false 895 550 3 false 725 300 3 false 950 600 3 false 935 442 1 true 
820 450 3 false 495 399 3 false 1095 541 3 false 1490 422 3 false 560 530 1 true 1060 396 1 true 370 594 1 true 590 393 3 false 840 400 3 false 840 500 3 false 790 350 3 false 895 550 3 false 725 300 3 false 950 600 3 false 920 444 1 true 
820 450 3 false 495 399 3 false 1095 541 3 false 1490 422 3 false 575 528 1 true 1075 398 1 true 385 591 1 true 590 393 3 false 840 400 3 false 840 500 3 false 790 350 3 false 895 550 3 false 725 300 3 false 950 600 3 false 905 446 1 true 
820 450 3 false 495 399 3 false 1095 541 3 false 1490 422 3 false 590 526 1 true 1090 400 1 true 400 588 1 true 590 393 3 false 840 400 3 false 840 500 3 false 790 350 3 false 895 550 3 false 725 300 3 false 950 600 3 false 890 448 1 true 
820 450 3 false 495 399 3 false 1095 541 3 false 1490 422 3 false 605 524 1 true 1105 402 1 true 415 585 1 true 590 393 3 false 840 400 3 false 840 500 3 false 790 350 3 false 895 550 3 false 725 300 3 false 950 600 3 false 875 450 1 true 
820 450 3 false 495 399 3 false 1095 541 3 false 1490 422 3 false 620 522 1 true 1120 404 1 true 430 582 1 true 590 393 3 false 840 400 3 false 840 500 3 false 790 350 3 false 895 550 3 false 725 300 3 false 950 600 3 false 860 452 1 true 
820 450 3 false 495 399 3 false 1095 541 3 false 1490 422 3 false 635 520 1 true 1135 406 1 true 445 579 1 true 590 393 3 false 840 400 3 false 840 500 3 false 790 350 3 false 895 550 3 false 725 300 3 false 950 600 3 false 845 454 1 true 
820 450 3 false 495 399 3 false 1095 541 3 false 1490 422 3 false 650 518 1 true 1150 408 1 true 460 576 1 true 590 393 3 false 840 400 3 false 840 500 3 false 790 350 3 false 895 550 3 false 725 300 3 false 950 600 3 false 830 456 1 true 
820 450 3 false 495 399 3 false 1095 541 3 false 1490 422 3 false 665 516 1 true 355 302 1 true 475 573 1 true 590 393 3 false 840 400 3 false 840 500 3 false 790 350 3 false 895 550 3 false 725 300 3 false 950 600 3 false 815 458 2 true 
820 450 3 false 495 399 3 false 1095 541 3 false 1490 422 3 false 680 514 1 true 370 304 1 true 490 570 1 true 590 393 3 false 840 400 3 false 840 500 3 false 790 350 3 false 895 550 3 false 725 300 3 false 950 600 3 false 800 460 1 true 
820 450 3 false 495 399 3 false 1095 541 3 false 1490 422 3 false 695 512 1 true 385 306 1 true 505 567 1 true 590 393 3 false 840 400 3 false 840 500 3 false 790 350 3 false 895 550 3 false 725 300 3 false 950 600 3 false 785 462 1 true 
820 450 3 false 495 399 3 false 1095 541 3 false 1490 422 3 false 710 510 1 true 400 308 1 true 520 564 1 true 590 393 3 false 840 400 3 false 840 500 3 false 790 350 3 false 895 550 3 false 725 300 3 false 950 600 3 false 770 464 1 true 
820 450 3 false 495 399 3 false 1095 541 3 false 1490 422 3 false 725 508 1 true 415 310 1 true 535 561 1 true 590 393 3 false 840 400 3 false 840 500 3 false 790 350 3 false 895 550 3 false 725 300 3 false 950 600 3 false 755 466 1 true 
820 450 3 false 495 399 3 false 1095 541 3 false 1490 422 3 false 740 506 1 true 430 312 1 true 550 558 1 true 590 393 3 false 840 400 3 false 840 500 3 false 790 350 3 false 895 550 3 false 725 300 3 false 950 600 3 false 740 468 1 true 
820 450 3 false 495 399 3 false 1095 541 3 false 1490 422 3 false 755 504 1 true 445 314 1 true 565 555 1 true 590 393 3 false 840 400 3 false 840 500 3 false 790 350 3 false 895 550 3 false 725 300 3 false 950 600 3 false 725 470 1 true 
820 450 3 false 495 399 3 false 1095 541 3 false 1490 422 3 false 770 502 1 true 460 316 1 true 580 552 1 true 590 393 3 false 840 400 3 false 840 500 3 false 790 350 3 false 895 550 3 false 725 300 3 false 950 600 3 false 710 472 1 true 
820 450 3 false 495 399 3 false 1095 541 3 false 1490 422 3 false 785 500 1 true 475 318 1 true 595 549 1 true 590 393 3 false 840 400 3 false 840 500 3 false 790 350 3 false 895 550 3 false 725 300 3 false 950 600 3 false 695 474 1 true 
820 450 3 false 495 399 3 false 1095 541 3 false 1490 422 3 false 800 498 1 true 490 320 1 true 610 546 1 true 590 393 3 false 840 400 3 false 840 500 3 false 790 350 3 false 895 550 3 false 725 300 3 false 950 600 3 false 680 476 1 true 
820 450 3 false 495 399 3 false 1095 541 3 false 1490 422 3 false 815 496 1 true 505 322 1 true 625 543 1 true 590 393 3 false 840 400 3 false 840 500 3 false 790 350 3 false 895 550 3 false 725 300 3 false 950 600 3 false 665 478 1 true 
820 450 3 false 495 399 3 false 1095 541 3 false 1490 422 3 false 830 494 1 true 520 324 1 true 640 540 1 true 590 393 3 false 840 400 3 false 840 500 3 false 790 350 3 false 895 550 3 false 725 300 3 false 950 600 3 false 650 480 1 true 
820 450 3 false 495 399 3 false 1095 541 3 false 1490 422 3 false 845 492 1 true 535 326 1 true 655 537 1 true 590 393 3 false 840 400 3 false 840 500 3 false 790 350 3 false 895 550 3 false 725 300 3 false 950 600 3 false 635 482 1 true 
820 450 3 false 495 399 3 false 1095 541 3 false 1490 422 3 false 860 490 1 true 550 328 1 true 670 534 1 true 590 393 3 false 840 400 3 false 840 500 3 false 790 350 3 false 895 550 3 false 725 300 3 false 950 600 3 false 620 484 1 true 
820 450 3 false 495 399 3 false 1095 541 3 false 1490 422 3 false 875 488 1 true 565 330 1 true 685 531 1 true 590 393 3 false 840 400 3 false 840 500 3 false 790 350 3 false 895 550 3 false 725 300 3 false 950 600 3 false 605 486 1 true 
820 450 3 false 495 399 3 false 1095 541 3 false 1490 422 3 false 890 486 1 true 580 332 1 true 700 528 1 true 590 393 3 false 840 400 3 false 840 500 3 false 790 350 3 false 895 550 3 false 725 300 3 false 950 600 3 false 590 488 1 true 
820 450 3 false 495 399 3 false 1095 541 3 false 1490 422 3 false 905 484 1 true 595 334 1 true 715 525 1 true 590 393 3 false 840 400 3 false 840 500 3 false 790 350 3 false 895 550 3 false 725 300 3 false 950 600 3 false 575 490 1 true 
820 450 3 false 495 399 3 false 1095 541 3 false 1490 422 3 false 920 482 1 true 610 336 1 true 730 522 1 true 590 393 3 false 840 400 3 false 840 500 3 false 790 350 3 false 895 550 3 false 725 300 3 false 950 600 3 false 560 492 1 true 
820 450 3 false 495 399 3 false 1095 541 3 false 1490 422 3 false 935 480 1 true 625 338 1 true 745 519 1 true 590 393 3 false 840 400 3 false 840 500 3 false 790 350 3 false 895 550 3 false 725 300 3 false 950 600 3 false 545 494 1 true 
820 450 3 false 495 399 3 false 1095 541 3 false 1490 422 3 false 950 478 1 true 640 340 1 true 760 516 1 true 590 393 3 false 840 400 3 false 840 500 3 false 790 350 3 false 895 550 3 false 725 300 3 false 950 600 3 false 530 496 1 true 
820 450 3 false 495 399 3 false 1095 541 3 false 1490 422 3 false 965 476 1 true 655 342 1 true 775 513 1 true 590 393 3 false 840 400 3 false 840 500 3 false 790 350 3 false 895 550 3 false 725 300 3 false 950 600 3 false 515 498 1 true 
820 450 3 false 495 399 3 false 1095 541 3 false 1490 422 3 false 980 474 1 true 670 344 1 true 790 510 1 true 590 393 3 false 840 400 3 false 840 500 3 false 790 350 3 false 895 550 3 false 725 300 3 false 950 600 3 false 500 500 1 true 
820 450 3 false 495 399 3 false 1095 541 3 false 1490 422 3 false 995 472 1 true 685 346 1 true 805 507 1 true 590 393 3 false 840 400 3 false 840 500 3 false 790 350 3 false 895 550 3 false 725 300 3 false 950 600 3 false 485 502 1 true 
820 450 3 false 495 399 3 false 1095 541 3 false 1490 422 3 false 1010 470 1 true 700 348 1 true 820 504 1 true 590 393 3 false 840 400 3 false 840 500 3 false 790 350 3 false 895 550 3 false 725 300 3 false 950 600 3 false 470 504 1 true 
820 450 3 false 495 399 3 false 1095 541 3 false 1490 422 3 false 1025 468 1 true 715 350 1 true 835 501 1 true 590 393 3 false 840 400 3 false 840 500 3 false 790 350 3 false 895 550 3 false 725 300 3 false 950 600 3 false 455 506 1 true 
820 450 3 false 495 399 3 false 1095 541 3 false 1490 422 3 false 1040 466 1 true 730 352 1 true 850 498 1 true 590 393 3 false 840 400 3 false 840 500 3 false 790 350 3 false 895 550 3 false 725 300 3 false 950 600 3 false 440 508 1 true 
820 450 3 false 495 399 3 false 1095 541 3 false 1490 422 3 false 1055 464 1 true 745 354 1 true 865 495 1 true 590 393 3 false 840 400 3 false 840 500 3 false 790 350 3 false 895 550 3 false 725 300 3 false 950 600 3 false 425 510 1 true 
820 450 3 false 495 399 3 false 1095 541 3 false 1490 422 3 false 1070 462 1 true 760 356 1 true 880 492 1 true 590 393 3 false 840 400 3 false 840 500 3 false 790 350 3 false 895 550 3 false 725 300 3 false 950 600 3 false 410 512 1 true 
820 450 3 false 495 399 3 false 1095 541 3 false 1490 422 3 false 1070 462 3 false 775 358 1 true 895 489 1 true 590 393 3 false 840 400 3 false 840 500 3 false 790 350 3 false 895 550 3 false 725 300 3 false 950 600 3 false 1085 422 1 true 
820 450 3 false 495 399 3 false 1095 541 3 false 1490 422 3 false 1070 462 3 false 790 360 1 true 910 486 1 true 590 393 3 false 840 400 3 false 840 500 3 false 790 350 3 false 895 550 3 false 725 300 3 false 950 600 3 false 1085 418 1 true 
820 450 3 false 495 399 3 false 1095 541 3 false 1490 422 3 false 1070 462 3 false 805 362 1 true 925 483 1 true 590 393 3 false 840 400 3 false 840 500 3 false 790 350 3 false 895 550 3 false 725 300 3 false 950 600 3 false 1070 416 1 true 
820 450 3 false 495 399 3 false 1095 541 3 false 1490 422 3 false 1070 462 3 false 820 364 1 true 940 480 1 true 590 393 3 false 840 400 3 false 840 500 3 false 790 350 3 false 895 550 3 false 725 300 3 false 950 600 3 false 1055 414 1 true 
820 450 3 false 495 399 3 false 1095 541 3 false 1490 422 3 false 1070 462 3 false 835 366 1 true 955 477 1 true 590 393 3 false 840 400 3 false 840 500 3 false 790 350 3 false 895 550 3 false 725 300 3 false 950 600 3 false 1040 412 1 true 
820 450 3 false 495 399 3 false 1095 541 3 false 1490 422 3 false 1070 462 3 false 850 368 1 true 970 474 1 true 590 393 3 false 840 400 3 false 840 500 3 false 790 350 3 false 895 550 3 false 725 300 3 false 950 600 3 false 1025 410 1 true 
820 450 3 false 495 399 3 false 1095 541 3 false 1490 422 3 false 1070 462 3 false 865 370 1 true 985 471 1 true 590 393 3 false 840 400 3 false 840 500 3 false 790 350 3 false 895 550 3 false 725 300 3 false 950 600 3 false 1010 408 1 true 
820 450 3 false 495 399 3 false 1095 541 3 false 1490 422 3 false 1070 462 3 false 880 372 1 true 1000 468 1 true 590 393 3 false 840 400 3 false 840 500 3 false 790 350 3 false 895 550 3 false 725 300 3 false 950 600 3 false 995 406 1 true 
820 450 3 false 495 399 3 false 1095 541 3 false 1490 422 3 false 1070 462 3 false 895 374 1 true 1015 465 1 true 590 393 3 false 840 400 3 false 840 500 3 false 790 350 3 false 895 550 3 false 725 300 3 false 950 600 3 false 980 404 1 true 
820 450 3 false 495 399 3 false 1095 541 3 false 1490 422 3 false 1070 462 3 false 910 376 1 true 1030 462 1 true 590 393 3 false 840 400 3 false 840 500 3 false 790 350 3 false 895 550 3 false 725 300 3 false 950 600 3 false 965 402 1 true 
820 450 3 false 495 399 3 false 1095 541 3 false 1490 422 3 false 1070 462 3 false 925 378 1 true 1045 459 1 true 590 393 3 false 840 400 3 false 840 500 3 false 790 350 3 false 895 550 3 false 725 300 3 false 950 600 3 false 950 400 1 true 
820 450 3 false 495 399 3 false 1095 541 3 false 1490 422 3 false 1070 462 3 false 940 380 1 true 1060 456 1 true 590 393 3 false 840 400 3 false 840 500 3 false 790 350 3 false 895 550 3 false 725 300 3 false 950 600 3 false 935 398 1 true 
820 450 3 false 495 399 3 false 1095 541 3 false 1490 422 3 false 1070 462 3 false 955 382 1 true 1075 453 1 true 590 393 3 false 840 400 3 false 840 500 3 false 790 350 3 false 895 550 3 false 725 300 3 false 950 600 3 false 920 396 1 true 
820 450 3 false 495 399 3 false 1095 541 3 false 1490 422 3 false 1070 462 3 false 970 384 1 true 1090 450 1 true 590 393 3 false 840 400 3 false 840 500 3 false 790 350 3 false 895 550 3 false 725 300 3 false 950 600 3 false 905 394 1 true 
820 450 3 false 495 399 3 false 1095 541 3 false 1490 422 3 false 1070 462 3 false 985 386 1 true 355 597 1 true 590 393 3 false 840 400 3 false 840 500 3 false 790 350 3 false 895 550 3 false 725 300 3 false 950 600 3 false 890 392 3 false 
