111 0 2 150 110 170 130
111 4 0 190 130 210 130
111 0 0 150 70 170 90
111 0 1 150 90 170 110
111 3 17 330 150 310 130
111 0 5 150 170 170 150
111 2 0 270 130 250 130
111 0 6 150 190 170 170
111 1 0 310 130 290 130
111 0 2 170 130 190 130
111 2 0 250 130 230 130
111 4 0 210 130 230 130
222 4 0
111 0 0 170 90 190 110
111 0 3 150 130 170 130
111 0 6 170 170 190 150
111 3 17 310 130 290 130
111 3 9 330 110 310 110
111 1 0 290 130 270 130
111 3 13 330 130 310 130
111 2 0 230 130 210 130
111 3 18 350 150 330 150
111 0 6 190 150 210 130
222 0 6
111 3 10 350 110 330 110
111 3 21 370 170 350 150
111 0 2 190 130 210 130
222 2 0
111 3 14 350 130 330 130
111 0 5 170 150 190 130
111 3 19 370 150 350 130
111 3 22 390 170 370 150
111 3 24 390 190 370 170
111 3 17 290 130 270 130
111 1 0 270 130 250 130
111 3 27 410 210 390 190
111 3 13 310 130 290 130
111 3 25 410 190 390 170
111 3 6 370 90 350 110
111 3 14 330 130 310 130
111 3 19 350 130 330 130
111 3 28 430 210 410 190
111 3 15 370 130 350 130
111 0 2 210 130 230 130
111 3 16 390 130 370 130
111 0 5 190 130 210 130
111 1 0 250 130 230 130
222 1 0
111 0 3 170 130 190 130
111 3 3 390 70 370 90
111 3 0 410 50 390 70
111 3 17 270 130 250 130
111 3 13 290 130 270 130
111 0 4 150 150 170 130
111 3 9 310 110 290 130
111 0 2 230 130 250 130
222 3 17
111 3 13 270 130 250 130
222 3 13
111 3 9 290 130 270 130
111 0 5 210 130 230 130
111 0 2 250 130 270 130
222 3 9
111 3 14 310 130 290 130
111 3 18 330 150 310 130
111 0 0 190 110 210 130
111 0 2 270 130 290 130
222 3 14
111 0 5 230 130 250 130
111 3 9 270 130 290 130
222 0 2
111 3 14 290 130 270 130
111 3 18 310 130 290 130
222 3 18
111 3 10 330 110 310 130
111 0 0 210 130 230 130
111 0 5 250 130 270 130
111 0 3 190 130 210 130
111 3 18 290 130 270 130
111 0 4 170 130 190 130
111 0 0 230 130 250 130
111 0 5 270 130 290 130
111 3 10 310 130 290 130
222 3 10
111 0 3 210 130 230 130
111 3 19 330 130 310 130
111 3 6 350 110 330 130
111 0 0 250 130 270 130
111 0 5 290 130 310 130
222 3 19
111 0 4 190 130 210 130
111 0 1 170 110 190 130
111 3 6 330 130 310 130
222 3 6
111 3 3 370 90 350 110
111 0 0 270 130 290 130
111 0 3 230 130 250 130
111 3 21 350 150 330 130
111 3 24 370 170 350 150
111 0 5 310 130 330 130
222 3 21
111 3 0 390 70 370 90
111 0 4 210 130 230 130
111 0 1 190 130 210 130
111 3 27 390 190 370 170
111 3 24 350 150 330 130
222 3 24
111 3 15 350 130 330 130
222 3 15
111 3 3 350 110 330 130
222 3 3
111 0 3 250 130 270 130
111 0 0 290 130 310 130
111 0 4 230 130 250 130
111 3 0 370 90 350 110
111 3 16 370 130 350 130
111 0 5 330 130 350 130
222 3 16
111 3 11 370 110 350 130
222 3 11
111 0 1 210 130 230 110
111 3 27 370 170 350 150
111 0 4 250 130 270 110
111 3 22 370 150 350 130
222 3 22
111 3 20 390 150 370 130
111 0 3 270 130 290 110
111 3 25 390 170 370 150
111 0 5 350 130 350 110
222 3 0
111 3 12 390 110 370 110
111 0 0 310 130 330 150
111 3 16 350 130 350 110
111 3 8 410 90 390 110
111 0 4 270 110 290 130
111 3 23 410 170 390 150
111 0 1 230 110 250 130
111 3 28 410 190 390 170
111 0 3 290 110 310 130
111 3 5 430 70 410 90
111 3 12 370 110 350 110
222 3 12
111 3 20 370 130 350 110
222 0 5
222 3 20
111 3 27 350 150 330 150
222 3 27
111 3 26 430 190 410 170
111 3 2 450 50 430 70
111 3 8 390 110 370 130
111 0 0 330 150 350 150
111 3 29 450 210 430 190
111 3 7 390 90 370 110
111 0 1 250 130 270 130
111 0 3 310 130 330 130
111 3 20 350 110 330 130
111 3 4 410 70 390 90
111 3 1 430 50 410 70
111 3 25 370 150 350 150
222 3 25
111 3 5 410 90 390 110
111 3 2 430 70 410 90
111 3 28 390 170 370 150
111 0 0 350 150 370 150
222 3 28
111 3 8 370 130 370 150
222 3 8
111 3 7 370 110 370 130
111 3 4 390 90 370 110
111 0 3 330 130 350 130
111 3 23 390 150 370 150
222 3 23
111 0 4 290 130 310 130
111 3 1 410 70 390 90
111 3 26 410 170 390 150
111 0 3 350 130 370 130
222 3 7
111 0 4 310 130 330 110
111 0 0 370 150 390 150
222 3 26
111 3 4 370 110 370 130
222 3 4
111 3 5 390 110 370 130
222 3 5
111 0 1 270 130 290 110
111 3 29 430 190 410 170
111 3 1 390 90 370 110
111 3 2 410 90 390 110
111 0 0 390 150 410 170
222 3 29
111 0 4 330 110 350 110
111 0 3 370 130 370 110
222 3 1
111 0 1 290 110 310 110
111 0 0 410 170 390 150
111 3 2 390 110 370 110
222 0 3
222 3 2
111 3 2 370 110 350 110
