偃月
huluwa 1 20 19 1515380895897
huluwa 2 -3 1 1515380895897
huluwa 6 12 -19 1515380895897
huluwa 4 0 -20 1515380895897
huluwa 0 17 4 1515380895897
huluwa 3 -11 1 1515380895897
huluwa 5 20 2 1515380895897
monster 0 -21 9 1515380895897
monster 1 3 -4 1515380895898
monster 2 0 23 1515380895898
monster 3 14 8 1515380895898
monster 4 -9 3 1515380895898
monster 5 -4 -7 1515380895898
monster 6 -7 -7 1515380895899
monster 7 -24 9 1515380895899
grandpa 0 -4 -4 1515380895899
snake 0 -1 9 1515380895899
snake 0 -25 -21 1515380896921
monster 1 -2 9 1515380897063
monster 6 -11 -21 1515380897125
monster 5 -20 8 1515380897148
monster 4 -24 -6 1515380897182
huluwa 4 22 -4 1515380897198
monster 7 6 12 1515380897215
monster 2 -25 7 1515380897442
huluwa 2 0 12 1515380897454
monster 0 12 14 1515380897493
huluwa 6 -11 14 1515380897532
grandpa 0 -13 3 1515380897562
huluwa 5 -14 -2 1515380897573
huluwa 0 2 17 1515380897752
huluwa 1 16 18 1515380897819
huluwa 3 14 16 1515380897856
monster 3 -20 21 1515380897860
monster 1 2 8 1515380898091
huluwa 4 17 -15 1515380898327
snake 0 6 -9 1515380898349
huluwa 2 19 19 1515380898482
monster 6 7 -11 1515380898548
monster 4 7 11 1515380898589
monster 0 -6 3 1515380898684
monster 7 8 4 1515380898876
huluwa 5 -12 5 1515380898957
monster 5 -17 -3 1515380899143
huluwa 1 0 -13 1515380899157
huluwa 0 7 -1 1515380899185
monster 2 1 24 1515380899190
grandpa 0 -9 22 1515380899207
huluwa 6 8 -23 1515380899515
huluwa 2 -9 -13 1515380899688
monster 1 -24 -9 1515380899696
huluwa 4 6 22 1515380899712
monster 3 10 18 1515380899719
huluwa 3 12 15 1515380899796
snake 0 -8 -6 1515380900054
huluwa 5 10 -11 1515380900079
monster 6 -6 10 1515380900212
monster 4 -21 19 1515380900212
huluwa 1 5 21 1515380900243
huluwa 0 -14 10 1515380900263
monster 7 -3 1 1515380900268
monster 5 -6 -15 1515380900444
monster 2 -12 -7 1515380900529
monster 0 -12 -6 1515380900677
monster 1 -22 11 1515380900731
huluwa 2 -15 14 1515380900825
monster 3 -15 11 1515380900864
huluwa 6 -6 3 1515380900927
grandpa 0 -2 -15 1515380900943
huluwa 3 24 -11 1515380901187
monster 7 -8 0 1515380901314
huluwa 1 1 -12 1515380901384
monster 4 -1 8 1515380901497
huluwa 4 -13 9 1515380901556
huluwa 0 20 6 1515380901865
monster 6 11 17 1515380901931
monster 1 -14 9 1515380901934
snake 0 6 12 1515380901964
monster 5 10 22 1515380902034
huluwa 2 21 24 1515380902042
huluwa 5 1 8 1515380902064
huluwa 3 -2 -12 1515380902202
monster 0 -20 -13 1515380902270
huluwa 6 5 17 1515380902403
monster 2 -6 10 1515380902493
grandpa 0 0 -4 1515380902509
monster 3 -8 12 1515380902586
monster 7 12 -19 1515380902597
huluwa 1 3 16 1515380902671
huluwa 4 -8 22 1515380903039
monster 5 -21 9 1515380903087
huluwa 0 21 23 1515380903125
huluwa 3 -5 13 1515380903260
monster 4 -13 -13 1515380903430
huluwa 2 22 -24 1515380903489
monster 2 11 14 1515380903516
huluwa 5 23 -25 1515380903534
monster 1 -10 22 1515380903551
snake 0 -22 8 1515380903586
monster 6 5 11 1515380903655
huluwa 1 15 2 1515380903824
monster 0 -11 15 1515380903876
grandpa 0 -2 8 1515380903894
monster 7 -18 -3 1515380903913
monster 3 -13 -10 1515380904082
huluwa 6 -15 -20 1515380904127
huluwa 0 18 -1 1515380904401
huluwa 4 -3 -1 1515380904607
monster 5 -13 -5 1515380904763
monster 6 -20 14 1515380904798
huluwa 3 -13 -8 1515380904902
grandpa 0 -3 22 1515380904950
snake 0 -24 -16 1515380904973
monster 4 -12 -6 1515380905074
huluwa 5 23 24 1515380905114
huluwa 6 -9 13 1515380905136
monster 0 13 24 1515380905174
huluwa 1 -3 -5 1515380905185
monster 1 -4 -15 1515380905260
monster 2 10 0 1515380905284
huluwa 2 3 7 1515380905327
monster 7 -25 2 1515380905458
huluwa 0 0 11 1515380905536
huluwa 4 19 -25 1515380905647
monster 3 -24 -6 1515380905671
monster 4 -14 20 1515380906219
grandpa 0 -11 2 1515380906339
huluwa 2 8 -15 1515380906354
monster 2 -2 -3 1515380906395
snake 0 -11 -11 1515380906504
huluwa 3 14 0 1515380906554
monster 1 -12 -14 1515380906554
huluwa 5 -6 3 1515380906554
monster 6 -6 3 1515380906570
huluwa 6 23 -24 1515380906578
huluwa 0 19 -6 1515380906733
monster 5 2 -8 1515380906765
huluwa 1 -2 -23 1515380906865
monster 0 -6 -5 1515380906927
monster 3 -22 -20 1515380906984
huluwa 4 6 -9 1515380907104
monster 7 4 1 1515380907236
grandpa 0 11 -11 1515380907488
huluwa 3 4 4 1515380907756
huluwa 5 -15 -12 1515380907824
snake 0 14 -19 1515380907925
huluwa 1 -4 15 1515380907958
huluwa 6 -2 -8 1515380907959
monster 2 -8 -5 1515380908048
monster 0 -21 -11 1515380908096
monster 6 -22 -7 1515380908109
monster 4 -15 8 1515380908132
monster 3 -25 14 1515380908169
huluwa 0 4 11 1515380908175
huluwa 2 -6 14 1515380908187
monster 1 7 23 1515380908458
monster 7 -11 4 1515380908581
huluwa 4 -7 7 1515380908596
monster 5 -18 -11 1515380908679
grandpa 0 19 9 1515380909036
huluwa 3 -6 3 1515380909073
huluwa 1 -1 15 1515380909280
monster 3 0 10 1515380909406
monster 2 -9 -14 1515380909519
huluwa 5 5 -2 1515380909708
huluwa 6 4 -9 1515380909726
snake 0 2 -6 1515380909736
monster 4 12 -20 1515380909738
monster 1 -16 19 1515380909773
monster 0 -11 12 1515380909797
monster 7 10 -11 1515380909902
huluwa 0 -4 10 1515380909909
monster 5 4 6 1515380909923
monster 6 -11 2 1515380909947
huluwa 2 -8 1 1515380909973
grandpa 0 -11 -20 1515380910365
huluwa 1 21 -10 1515380910378
huluwa 4 -8 -13 1515380910488
monster 2 -15 -9 1515380910790
huluwa 3 -13 -25 1515380910914
monster 1 6 3 1515380910971
huluwa 5 5 -15 1515380911033
monster 5 -3 18 1515380911223
monster 6 13 12 1515380911271
monster 3 1 -6 1515380911359
huluwa 6 10 19 1515380911454
monster 4 -23 -7 1515380911473
monster 7 -1 3 1515380911524
monster 0 -5 5 1515380911553
snake 0 -1 -17 1515380911606
huluwa 0 4 -3 1515380911632
huluwa 2 6 -14 1515380911739
huluwa 1 -13 5 1515380911752
huluwa 4 -15 9 1515380911962
grandpa 0 9 2 1515380912052
monster 2 -24 21 1515380912439
huluwa 5 16 13 1515380912518
monster 1 -4 5 1515380912554
huluwa 3 -12 -6 1515380912648
huluwa 0 -7 -17 1515380912698
snake 0 -2 2 1515380912810
monster 7 -16 -12 1515380912823
huluwa 6 19 -11 1515380912832
monster 5 -12 4 1515380912840
monster 6 -21 -24 1515380912893
huluwa 1 15 14 1515380912965
monster 4 3 -4 1515380913065
monster 3 -2 -16 1515380913113
huluwa 4 3 10 1515380913252
monster 0 -23 23 1515380913468
grandpa 0 -11 -7 1515380913557
monster 2 8 8 1515380913574
huluwa 2 14 -7 1515380913719
huluwa 5 -3 20 1515380913850
huluwa 0 15 1 1515380913899
monster 1 -5 1 1515380914049
monster 5 5 -15 1515380914125
huluwa 1 -3 0 1515380914210
monster 6 8 14 1515380914232
snake 0 -24 12 1515380914397
huluwa 4 2 2 1515380914415
monster 7 5 -6 1515380914490
huluwa 3 -3 6 1515380914559
huluwa 6 17 17 1515380914597
monster 3 -20 -10 1515380914713
monster 4 -12 14 1515380914883
monster 2 0 -8 1515380914977
huluwa 2 15 17 1515380915043
monster 0 10 18 1515380915147
huluwa 1 -2 -4 1515380915285
death huluwa 0 1515380915285
huluwa 5 8 -10 1515380915321
grandpa 0 15 1 1515380915349
monster 6 8 14 1515380915453
monster 5 13 -11 1515380915511
monster 1 -7 -2 1515380915685
monster 7 -22 -15 1515380915831
monster 3 9 -6 1515380916174
huluwa 4 14 -9 1515380916202
huluwa 6 16 20 1515380916349
snake 0 -16 -7 1515380916389
huluwa 3 19 4 1515380916533
monster 4 9 -15 1515380916641
monster 2 -10 -1 1515380916664
huluwa 1 -6 14 1515380916739
huluwa 2 18 24 1515380916800
monster 7 -8 2 1515380916910
monster 0 -5 2 1515380917089
monster 1 -8 13 1515380917134
huluwa 5 21 10 1515380917150
monster 5 -7 2 1515380917201
grandpa 0 6 10 1515380917298
monster 6 -4 6 1515380917405
snake 0 0 10 1515380917480
huluwa 4 -13 9 1515380917606
monster 2 -2 -13 1515380917717
huluwa 6 17 -20 1515380917868
huluwa 1 21 3 1515380917983
monster 4 -14 -4 1515380918008
monster 3 -9 -2 1515380918056
huluwa 3 19 13 1515380918478
monster 0 11 15 1515380918569
snake 0 -24 -8 1515380918661
monster 7 11 -14 1515380918739
huluwa 2 23 0 1515380918755
monster 5 -21 -7 1515380918764
monster 6 6 -14 1515380918910
monster 1 -6 -1 1515380918910
grandpa 0 -9 -8 1515380918982
huluwa 5 18 -20 1515380919052
huluwa 6 15 12 1515380919083
monster 2 -19 6 1515380919148
huluwa 1 -15 -15 1515380919169
monster 3 20 12 1515380919238
huluwa 4 10 7 1515380919291
monster 0 -3 2 1515380919650
snake 0 -7 12 1515380919818
monster 4 -1 -1 1515380919991
monster 7 -16 2 1515380919997
monster 5 -12 -6 1515380920034
huluwa 5 -15 -15 1515380920078
grandpa 0 22 6 1515380920189
huluwa 2 -8 -15 1515380920266
huluwa 3 13 8 1515380920323
monster 2 10 22 1515380920323
monster 1 -23 -12 1515380920392
monster 3 -13 5 1515380920396
huluwa 6 7 -16 1515380920592
huluwa 1 16 8 1515380920774
monster 6 -3 -11 1515380920774
monster 7 -19 7 1515380921064
monster 0 9 -8 1515380921101
monster 4 -11 21 1515380921114
huluwa 4 15 0 1515380921214
snake 0 16 -20 1515380921292
monster 2 2 -8 1515380921476
monster 5 5 15 1515380921775
huluwa 5 16 6 1515380921818
huluwa 3 16 12 1515380921936
huluwa 2 -1 -3 1515380921954
death monster 1 1515380921969
death huluwa 6 1515380922067
monster 7 11 -11 1515380922162
grandpa 0 3 24 1515380922175
monster 3 -25 5 1515380922326
monster 6 5 -8 1515380922416
huluwa 1 -9 -7 1515380922508
monster 4 7 11 1515380922569
huluwa 4 16 3 1515380922569
snake 0 14 19 1515380922751
huluwa 5 4 -6 1515380922848
monster 0 3 -13 1515380922863
monster 2 -20 -1 1515380922956
monster 5 8 9 1515380923460
huluwa 2 -8 -16 1515380923660
huluwa 3 -6 -24 1515380923714
monster 6 12 2 1515380923901
snake 0 -15 11 1515380923927
monster 7 -1 -8 1515380923938
huluwa 5 1 14 1515380923994
monster 2 -22 -23 1515380924037
grandpa 0 19 10 1515380924056
huluwa 4 -9 -24 1515380924091
huluwa 1 20 -5 1515380924105
monster 3 -10 -7 1515380924206
monster 4 -8 -25 1515380924227
monster 0 6 -5 1515380924665
huluwa 2 -9 12 1515380924740
monster 7 -8 -3 1515380925149
monster 5 -2 12 1515380925192
huluwa 3 15 12 1515380925497
grandpa 0 4 6 1515380925571
death monster 3 1515380925596
monster 2 22 -15 1515380925673
huluwa 1 17 -8 1515380925705
snake 0 5 2 1515380925741
monster 6 -4 -10 1515380925741
huluwa 4 7 -6 1515380925828
monster 4 24 11 1515380925890
huluwa 5 14 11 1515380925932
monster 0 -10 -3 1515380925969
huluwa 2 3 -12 1515380926666
monster 5 11 -17 1515380926682
grandpa 0 -6 -21 1515380926764
monster 2 3 -2 1515380926926
monster 7 10 -2 1515380926944
monster 4 12 -5 1515380927015
monster 6 -10 5 1515380927029
huluwa 1 -7 4 1515380927137
snake 0 -10 -17 1515380927217
huluwa 3 4 -17 1515380927254
monster 0 0 18 1515380927358
huluwa 4 6 -1 1515380927428
death huluwa 5 1515380927639
monster 5 -20 -17 1515380927970
grandpa 0 10 3 1515380928026
monster 6 -19 4 1515380928111
monster 7 -12 4 1515380928280
monster 4 -9 4 1515380928335
monster 0 -21 -4 1515380928377
huluwa 2 3 8 1515380928416
monster 2 6 2 1515380928576
snake 0 17 -1 1515380928621
huluwa 1 1 8 1515380928835
huluwa 3 15 -10 1515380929124
huluwa 4 14 -3 1515380929166
monster 5 -8 21 1515380929384
huluwa 2 -13 -9 1515380929549
monster 2 -10 -4 1515380929617
monster 7 -15 23 1515380929781
grandpa 0 -12 -11 1515380929872
snake 0 -13 -6 1515380929872
monster 6 -4 -7 1515380930067
monster 4 -17 -11 1515380930080
monster 0 -20 -11 1515380930145
huluwa 1 -10 0 1515380930470
huluwa 4 5 14 1515380930722
huluwa 2 16 10 1515380930734
huluwa 3 2 24 1515380930796
monster 7 -6 -17 1515380930823
monster 5 1 -2 1515380930977
monster 6 7 -4 1515380931254
monster 2 -14 10 1515380931452
monster 0 8 -1 1515380931526
snake 0 2 15 1515380931688
grandpa 0 9 -14 1515380931755
monster 5 7 0 1515380932039
monster 4 2 -11 1515380932052
huluwa 3 -7 13 1515380932145
huluwa 1 16 -16 1515380932219
monster 7 -9 5 1515380932483
huluwa 4 -2 -15 1515380932644
huluwa 2 3 20 1515380932723
monster 0 21 -1 1515380932898
monster 6 -13 -5 1515380933101
monster 2 19 0 1515380933107
huluwa 3 14 -21 1515380933272
snake 0 -14 -10 1515380933572
grandpa 0 24 18 1515380933664
huluwa 4 24 -4 1515380933836
monster 5 -11 -3 1515380933941
monster 4 -12 8 1515380934029
huluwa 1 1 -3 1515380934079
huluwa 2 -6 -6 1515380934135
monster 0 -5 -4 1515380934291
death monster 7 1515380934404
monster 2 12 19 1515380934874
monster 6 9 -19 1515380934999
huluwa 4 4 7 1515380935006
huluwa 3 9 9 1515380935230
snake 0 -14 4 1515380935257
huluwa 1 24 -7 1515380935305
huluwa 2 5 5 1515380935404
death monster 5 1515380935405
grandpa 0 -12 -15 1515380935636
monster 0 -20 20 1515380935729
monster 4 8 -3 1515380935739
monster 2 -8 20 1515380936224
death snake 0 1515380936518
huluwa 1 14 -8 1515380936522
huluwa 4 23 21 1515380936584
huluwa 3 2 5 1515380936667
monster 6 12 -2 1515380936967
huluwa 2 -8 14 1515380937123
death monster 0 1515380937184
death monster 4 1515380937420
grandpa 0 -4 -12 1515380937584
monster 2 -16 -19 1515380937815
death huluwa 1 1515380937845
huluwa 4 -1 14 1515380938356
huluwa 3 3 -2 1515380938390
grandpa 0 3 -9 1515380938611
monster 6 13 -1 1515380938939
huluwa 2 23 -3 1515380939054
monster 2 -21 11 1515380939433
death huluwa 3 1515380939651
huluwa 4 5 10 1515380940197
grandpa 0 8 -1 1515380940521
huluwa 2 21 -3 1515380940652
monster 2 14 -7 1515380940777
monster 6 8 16 1515380940858
huluwa 4 0 -13 1515380941262
huluwa 2 13 7 1515380941721
grandpa 0 21 24 1515380942443
huluwa 4 -6 -25 1515380942498
monster 6 -17 -7 1515380942516
monster 2 -2 1 1515380942519
grandpa 0 7 3 1515380943573
huluwa 2 8 -24 1515380943649
monster 2 -10 9 1515380943811
monster 6 -7 17 1515380944023
huluwa 4 4 22 1515380944280
huluwa 2 -10 5 1515380944732
grandpa 0 2 -8 1515380945291
death monster 2 1515380945430
huluwa 4 21 -9 1515380945945
monster 6 -9 8 1515380945952
huluwa 2 12 3 1515380946182
grandpa 0 17 9 1515380946753
huluwa 4 -5 22 1515380947289
huluwa 2 -14 -10 1515380947289
monster 6 -20 -13 1515380947626
grandpa 0 -3 -22 1515380947907
huluwa 4 21 -8 1515380948364
death monster 6 1515380948798
huluwa 2 11 4 1515380948989
grandpa 0 21 0 1515380949367
huluwa 4 -6 -10 1515380949612
huluwa 2 5 -14 1515380950659
grandpa 0 -4 -12 1515380951062
huluwa 4 -4 24 1515380951090
huluwa 4 -13 -21 1515380952427
huluwa 2 -16 16 1515380952560
grandpa 0 13 -15 1515380952791
