2 0 0 0 0 0 0 9 -1 
1 0 0 0 0 0 9 0 -1 
0 1 0 0 0 9 0 0 -1 
1 0 0 0 8 0 0 7 -1 
1 0 0 0 0 9 0 0 -1 
1 0 0 0 0 0 9 0 -1 
1 0 0 0 0 0 0 9 -1 
1 0 0 0 0 0 0 0 -1 

0 2 0 0 0 0 0 9 -1 
1 0 0 0 0 0 9 0 -1 
0 1 0 0 0 9 0 0 -1 
1 0 0 0 8 0 0 7 -1 
1 0 0 0 0 9 0 0 -1 
1 0 0 0 0 0 9 0 -1 
1 0 0 0 0 0 0 9 -1 
1 0 0 0 0 0 0 0 -1 

0 2 0 0 0 0 0 9 -1 
0 1 0 0 0 0 9 0 -1 
0 1 0 0 0 9 0 0 -1 
1 0 0 0 8 0 0 7 -1 
1 0 0 0 0 9 0 0 -1 
1 0 0 0 0 0 9 0 -1 
1 0 0 0 0 0 0 9 -1 
1 0 0 0 0 0 0 0 -1 

0 2 0 0 0 0 0 9 -1 
0 1 0 0 0 9 0 0 -1 
0 1 0 0 0 9 0 0 -1 
1 0 0 0 8 0 0 7 -1 
1 0 0 0 0 9 0 0 -1 
1 0 0 0 0 0 9 0 -1 
1 0 0 0 0 0 0 9 -1 
1 0 0 0 0 0 0 0 -1 

0 2 0 0 0 0 0 9 -1 
0 1 0 0 0 9 0 0 -1 
0 1 0 0 0 9 0 0 -1 
1 0 0 0 8 0 0 7 -1 
1 0 0 0 0 9 0 0 -1 
1 0 0 0 0 9 0 0 -1 
1 0 0 0 0 0 0 9 -1 
1 0 0 0 0 0 0 0 -1 

0 2 0 0 0 0 0 9 -1 
0 1 0 0 0 9 0 0 -1 
0 1 0 0 0 9 0 0 -1 
1 0 0 0 8 0 7 0 -1 
1 0 0 0 0 9 0 0 -1 
1 0 0 0 0 9 0 0 -1 
1 0 0 0 0 0 0 9 -1 
1 0 0 0 0 0 0 0 -1 

0 2 0 0 0 0 0 9 -1 
0 1 0 0 0 9 0 0 -1 
0 1 0 0 0 9 0 0 -1 
1 0 0 0 8 0 7 0 -1 
1 0 0 0 0 9 0 0 -1 
1 0 0 0 0 9 0 0 -1 
1 0 0 0 0 0 9 0 -1 
1 0 0 0 0 0 0 0 -1 

0 2 0 0 0 0 0 9 -1 
0 1 0 0 0 9 0 0 -1 
0 1 0 0 0 9 0 0 -1 
1 0 0 0 8 0 7 0 -1 
1 0 0 0 0 9 0 0 -1 
0 1 0 0 0 9 0 0 -1 
1 0 0 0 0 0 9 0 -1 
1 0 0 0 0 0 0 0 -1 

0 2 0 0 0 0 0 9 -1 
0 1 0 0 9 0 0 0 -1 
0 1 0 0 0 9 0 0 -1 
1 0 0 0 8 0 7 0 -1 
1 0 0 0 0 9 0 0 -1 
0 1 0 0 0 9 0 0 -1 
1 0 0 0 0 0 9 0 -1 
1 0 0 0 0 0 0 0 -1 

0 2 0 0 0 0 9 0 -1 
0 1 0 0 9 0 0 0 -1 
0 1 0 0 0 9 0 0 -1 
1 0 0 0 8 0 7 0 -1 
1 0 0 0 0 9 0 0 -1 
0 1 0 0 0 9 0 0 -1 
1 0 0 0 0 0 9 0 -1 
1 0 0 0 0 0 0 0 -1 

0 2 0 0 0 0 9 0 -1 
0 1 0 0 9 0 0 0 -1 
0 1 0 0 0 9 0 0 -1 
1 0 0 0 8 0 7 0 -1 
1 0 0 0 0 9 0 0 -1 
0 1 0 0 0 9 0 0 -1 
0 1 0 0 0 0 9 0 -1 
1 0 0 0 0 0 0 0 -1 

0 2 0 0 0 0 9 0 -1 
0 1 0 0 9 0 0 0 -1 
0 1 0 0 0 9 0 0 -1 
1 0 0 0 8 0 7 0 -1 
1 0 0 0 0 9 0 0 -1 
0 1 0 0 0 9 0 0 -1 
0 1 0 0 0 9 0 0 -1 
1 0 0 0 0 0 0 0 -1 

0 2 0 0 0 0 9 0 -1 
0 1 0 0 9 0 0 0 -1 
0 1 0 0 0 9 0 0 -1 
1 0 0 8 0 0 7 0 -1 
1 0 0 0 0 9 0 0 -1 
0 1 0 0 0 9 0 0 -1 
0 1 0 0 0 9 0 0 -1 
1 0 0 0 0 0 0 0 -1 

0 0 2 0 0 0 9 0 -1 
0 1 0 0 9 0 0 0 -1 
0 1 0 0 0 9 0 0 -1 
1 0 0 8 0 0 7 0 -1 
1 0 0 0 0 9 0 0 -1 
0 1 0 0 0 9 0 0 -1 
0 1 0 0 0 9 0 0 -1 
1 0 0 0 0 0 0 0 -1 

0 0 2 0 0 0 9 0 -1 
0 1 0 0 9 0 0 0 -1 
0 1 0 0 0 9 0 0 -1 
0 1 0 8 0 0 7 0 -1 
1 0 0 0 0 9 0 0 -1 
0 1 0 0 0 9 0 0 -1 
0 1 0 0 0 9 0 0 -1 
1 0 0 0 0 0 0 0 -1 

0 0 2 0 0 0 9 0 -1 
0 1 0 0 9 0 0 0 -1 
0 1 0 0 0 9 0 0 -1 
0 1 0 8 0 0 7 0 -1 
1 0 0 0 0 9 0 0 -1 
0 1 0 0 0 9 0 0 -1 
0 1 0 0 9 0 0 0 -1 
1 0 0 0 0 0 0 0 -1 

0 0 2 0 0 0 9 0 -1 
0 1 0 0 9 0 0 0 -1 
0 1 0 0 0 9 0 0 -1 
0 1 0 8 0 0 7 0 -1 
1 0 0 0 0 9 0 0 -1 
0 1 0 0 0 9 0 0 -1 
0 0 1 0 9 0 0 0 -1 
1 0 0 0 0 0 0 0 -1 

0 0 2 0 0 0 9 0 -1 
0 1 0 0 9 0 0 0 -1 
0 1 0 0 0 9 0 0 -1 
0 1 0 8 0 0 7 0 -1 
1 1 0 0 0 9 0 0 -1 
0 0 0 0 0 9 0 0 -1 
0 0 1 0 9 0 0 0 -1 
1 0 0 0 0 0 0 0 -1 

0 0 2 0 0 0 9 0 -1 
0 1 0 0 9 0 0 0 -1 
0 1 0 0 0 9 0 0 -1 
0 1 0 8 0 0 7 0 -1 
1 1 0 0 0 9 0 0 -1 
0 0 0 0 0 9 0 0 -1 
0 0 1 0 9 0 0 0 -1 
0 1 0 0 0 0 0 0 -1 

0 0 2 0 0 9 0 0 -1 
0 1 0 0 9 0 0 0 -1 
0 1 0 0 0 9 0 0 -1 
0 1 0 8 0 0 7 0 -1 
1 1 0 0 0 9 0 0 -1 
0 0 0 0 0 9 0 0 -1 
0 0 1 0 9 0 0 0 -1 
0 1 0 0 0 0 0 0 -1 

0 0 2 0 0 9 0 0 -1 
0 1 0 0 9 0 0 0 -1 
0 1 0 0 0 9 0 0 -1 
0 1 0 8 0 0 7 0 -1 
1 1 0 0 9 0 0 0 -1 
0 0 0 0 0 9 0 0 -1 
0 0 1 0 9 0 0 0 -1 
0 1 0 0 0 0 0 0 -1 

0 0 2 0 0 9 0 0 -1 
0 1 0 0 9 0 0 0 -1 
0 1 0 0 0 9 0 0 -1 
0 1 0 8 0 0 7 0 -1 
1 1 0 0 9 0 0 0 -1 
0 0 0 0 0 9 0 0 -1 
0 0 1 0 9 0 0 0 -1 
0 1 0 0 0 0 0 0 -1 

0 0 2 0 0 9 0 0 -1 
0 1 0 0 9 0 0 0 -1 
0 1 0 0 0 9 0 0 -1 
0 1 0 8 0 0 7 0 -1 
1 0 1 0 9 0 0 0 -1 
0 0 0 0 0 9 0 0 -1 
0 0 1 0 9 0 0 0 -1 
0 1 0 0 0 0 0 0 -1 

0 0 2 0 9 0 0 0 -1 
0 1 0 0 9 0 0 0 -1 
0 1 0 0 0 9 0 0 -1 
0 1 0 8 0 0 7 0 -1 
1 0 1 0 9 0 0 0 -1 
0 0 0 0 0 9 0 0 -1 
0 0 1 0 9 0 0 0 -1 
0 1 0 0 0 0 0 0 -1 

0 0 2 0 9 0 0 0 -1 
0 1 0 0 9 0 0 0 -1 
0 1 0 0 0 9 0 0 -1 
0 1 0 8 0 0 7 0 -1 
1 0 1 0 9 0 0 0 -1 
0 0 0 0 0 9 0 0 -1 
0 0 1 9 0 0 0 0 -1 
0 1 0 0 0 0 0 0 -1 

0 0 2 0 9 0 0 0 -1 
0 1 0 0 9 0 0 0 -1 
0 1 0 0 9 0 0 0 -1 
0 1 0 8 0 0 7 0 -1 
1 0 1 0 9 0 0 0 -1 
0 0 0 0 0 9 0 0 -1 
0 0 1 9 0 0 0 0 -1 
0 1 0 0 0 0 0 0 -1 

0 0 2 0 9 0 0 0 -1 
0 1 0 0 9 0 0 0 -1 
0 1 0 0 9 0 0 0 -1 
0 1 0 8 0 7 0 0 -1 
1 0 1 0 9 0 0 0 -1 
0 0 0 0 0 9 0 0 -1 
0 0 1 9 0 0 0 0 -1 
0 1 0 0 0 0 0 0 -1 

0 0 2 0 9 0 0 0 -1 
0 1 0 0 9 0 0 0 -1 
0 1 0 0 9 0 0 0 -1 
0 1 0 8 0 7 0 0 -1 
1 0 1 0 9 0 0 0 -1 
0 0 0 0 0 9 0 0 -1 
0 0 1 9 0 0 0 0 -1 
0 0 1 0 0 0 0 0 -1 

0 0 2 0 9 0 0 0 -1 
0 1 0 0 9 0 0 0 -1 
0 1 0 0 9 0 0 0 -1 
0 1 8 0 0 7 0 0 -1 
1 0 1 0 9 0 0 0 -1 
0 0 0 0 0 9 0 0 -1 
0 0 1 9 0 0 0 0 -1 
0 0 1 0 0 0 0 0 -1 

0 0 0 0 0 0 0 0 -1 
0 0 0 0 0 0 0 0 -1 
0 0 0 0 0 0 0 0 -1 
0 0 0 0 0 0 0 0 -1 
0 0 0 0 0 0 0 0 -1 
0 0 0 0 9 0 0 0 -1 
0 0 0 0 0 0 0 0 -1 
0 0 0 0 0 0 0 0 -1 

0 0 2 0 9 0 0 0 -1 
0 1 0 0 9 0 0 0 -1 
0 1 0 0 9 0 0 0 -1 
0 1 8 0 0 7 0 0 -1 
1 0 1 0 9 0 0 0 -1 
0 0 0 0 9 0 0 0 -1 
0 0 1 9 0 0 0 0 -1 
0 0 1 0 0 0 0 0 -1 

0 0 2 0 9 0 0 0 -1 
0 1 0 9 0 0 0 0 -1 
0 1 0 0 9 0 0 0 -1 
0 1 8 0 0 7 0 0 -1 
1 0 1 0 9 0 0 0 -1 
0 0 0 0 9 0 0 0 -1 
0 0 1 9 0 0 0 0 -1 
0 0 1 0 0 0 0 0 -1 

0 0 2 0 9 0 0 0 -1 
0 0 1 9 0 0 0 0 -1 
0 1 0 0 9 0 0 0 -1 
0 1 8 0 0 7 0 0 -1 
1 0 1 0 9 0 0 0 -1 
0 0 0 0 9 0 0 0 -1 
0 0 1 9 0 0 0 0 -1 
0 0 1 0 0 0 0 0 -1 

0 0 2 0 9 0 0 0 -1 
0 0 1 9 0 0 0 0 -1 
0 1 0 0 9 0 0 0 -1 
0 1 0 0 0 7 0 0 -1 
1 0 1 0 9 0 0 0 -1 
0 0 0 0 9 0 0 0 -1 
0 0 1 9 0 0 0 0 -1 
0 0 1 0 0 0 0 0 -1 

0 0 2 0 9 0 0 0 -1 
0 0 1 9 0 0 0 0 -1 
0 1 0 0 9 0 0 0 -1 
0 1 0 0 0 7 0 0 -1 
1 0 1 0 9 0 0 0 -1 
0 0 0 9 0 0 0 0 -1 
0 0 1 9 0 0 0 0 -1 
0 0 1 0 0 0 0 0 -1 

0 0 2 0 9 0 0 0 -1 
0 0 1 9 0 0 0 0 -1 
0 1 0 0 9 0 0 0 -1 
0 1 0 0 0 7 0 0 -1 
1 0 1 0 9 0 0 0 -1 
0 0 0 9 0 0 0 0 -1 
0 0 1 0 0 0 0 0 -1 
0 0 1 0 0 0 0 0 -1 

0 0 2 9 0 0 0 0 -1 
0 0 1 9 0 0 0 0 -1 
0 1 0 0 9 0 0 0 -1 
0 1 0 0 0 7 0 0 -1 
1 0 1 0 9 0 0 0 -1 
0 0 0 9 0 0 0 0 -1 
0 0 1 0 0 0 0 0 -1 
0 0 1 0 0 0 0 0 -1 

0 0 2 0 0 0 0 0 -1 
0 0 1 9 0 0 0 0 -1 
0 1 0 0 9 0 0 0 -1 
0 1 0 0 0 7 0 0 -1 
1 0 1 0 9 0 0 0 -1 
0 0 0 9 0 0 0 0 -1 
0 0 1 0 0 0 0 0 -1 
0 0 1 0 0 0 0 0 -1 

0 0 2 0 0 0 0 0 -1 
0 0 1 9 0 0 0 0 -1 
0 1 0 9 0 0 0 0 -1 
0 1 0 0 0 7 0 0 -1 
1 0 1 0 9 0 0 0 -1 
0 0 0 9 0 0 0 0 -1 
0 0 1 0 0 0 0 0 -1 
0 0 1 0 0 0 0 0 -1 

0 0 2 0 0 0 0 0 -1 
0 0 1 9 0 0 0 0 -1 
0 1 0 9 0 0 0 0 -1 
0 1 0 0 0 7 0 0 -1 
1 0 1 0 9 0 0 0 -1 
0 0 9 0 0 0 0 0 -1 
0 0 1 0 0 0 0 0 -1 
0 0 1 0 0 0 0 0 -1 

0 0 2 0 0 0 0 0 -1 
0 0 1 9 0 0 0 0 -1 
0 1 0 9 0 0 0 0 -1 
0 1 0 0 0 7 0 0 -1 
0 1 1 0 9 0 0 0 -1 
0 0 9 0 0 0 0 0 -1 
0 0 1 0 0 0 0 0 -1 
0 0 1 0 0 0 0 0 -1 

0 0 2 0 0 0 0 0 -1 
0 0 1 9 0 0 0 0 -1 
0 1 0 9 0 0 0 0 -1 
0 1 0 0 0 7 0 0 -1 
0 1 1 0 9 0 0 0 -1 
0 0 9 0 0 0 0 0 -1 
0 0 1 0 0 0 0 0 -1 
0 0 1 0 0 0 0 0 -1 

0 0 2 0 0 0 0 0 -1 
0 0 1 9 0 0 0 0 -1 
0 1 0 9 0 0 0 0 -1 
0 1 0 0 0 7 0 0 -1 
0 0 1 0 9 0 0 0 -1 
0 1 9 0 0 0 0 0 -1 
0 0 1 0 0 0 0 0 -1 
0 0 1 0 0 0 0 0 -1 

0 0 2 0 0 0 0 0 -1 
0 0 1 9 0 0 0 0 -1 
0 1 0 9 0 0 0 0 -1 
0 1 0 0 0 7 0 0 -1 
0 0 0 0 9 0 0 0 -1 
0 1 9 0 0 0 0 0 -1 
0 0 1 0 0 0 0 0 -1 
0 0 1 0 0 0 0 0 -1 

0 0 2 0 0 0 0 0 -1 
0 0 1 9 0 0 0 0 -1 
0 1 0 9 0 0 0 0 -1 
0 1 0 0 0 7 0 0 -1 
0 0 0 9 0 0 0 0 -1 
0 1 9 0 0 0 0 0 -1 
0 0 1 0 0 0 0 0 -1 
0 0 1 0 0 0 0 0 -1 

0 0 2 0 0 0 0 0 -1 
0 0 1 9 0 0 0 0 -1 
0 1 0 9 0 0 0 0 -1 
0 1 0 0 0 7 0 0 -1 
0 0 0 9 0 0 0 0 -1 
0 1 9 0 0 0 0 0 -1 
0 0 1 0 0 0 0 0 -1 
0 0 1 0 0 0 0 0 -1 

0 0 2 0 0 0 0 0 -1 
0 0 1 9 0 0 0 0 -1 
0 1 0 9 0 0 0 0 -1 
0 1 0 0 0 7 0 0 -1 
0 0 0 9 0 0 0 0 -1 
0 1 0 0 0 0 0 0 -1 
0 0 1 0 0 0 0 0 -1 
0 0 1 0 0 0 0 0 -1 

0 0 2 0 0 0 0 0 -1 
0 0 1 9 0 0 0 0 -1 
0 1 0 9 0 0 0 0 -1 
0 0 1 0 0 7 0 0 -1 
0 0 0 9 0 0 0 0 -1 
0 1 0 0 0 0 0 0 -1 
0 0 1 0 0 0 0 0 -1 
0 0 1 0 0 0 0 0 -1 

0 0 2 0 0 0 0 0 -1 
0 0 1 9 0 0 0 0 -1 
0 1 0 9 0 0 0 0 -1 
0 0 1 0 7 0 0 0 -1 
0 0 0 9 0 0 0 0 -1 
0 1 0 0 0 0 0 0 -1 
0 0 1 0 0 0 0 0 -1 
0 0 1 0 0 0 0 0 -1 

0 0 2 0 0 0 0 0 -1 
0 0 1 9 0 0 0 0 -1 
0 0 1 9 0 0 0 0 -1 
0 0 1 0 7 0 0 0 -1 
0 0 0 9 0 0 0 0 -1 
0 1 0 0 0 0 0 0 -1 
0 0 1 0 0 0 0 0 -1 
0 0 1 0 0 0 0 0 -1 

0 0 2 0 0 0 0 0 -1 
0 0 1 0 0 0 0 0 -1 
0 0 1 9 0 0 0 0 -1 
0 0 1 0 7 0 0 0 -1 
0 0 0 9 0 0 0 0 -1 
0 1 0 0 0 0 0 0 -1 
0 0 1 0 0 0 0 0 -1 
0 0 1 0 0 0 0 0 -1 

0 0 2 0 0 0 0 0 -1 
0 0 1 0 0 0 0 0 -1 
0 0 0 9 0 0 0 0 -1 
0 0 1 0 7 0 0 0 -1 
0 0 0 9 0 0 0 0 -1 
0 1 0 0 0 0 0 0 -1 
0 0 1 0 0 0 0 0 -1 
0 0 1 0 0 0 0 0 -1 

0 0 2 0 0 0 0 0 -1 
0 0 1 0 0 0 0 0 -1 
0 0 0 9 0 0 0 0 -1 
0 0 1 0 7 0 0 0 -1 
0 0 0 9 0 0 0 0 -1 
0 1 1 0 0 0 0 0 -1 
0 0 0 0 0 0 0 0 -1 
0 0 1 0 0 0 0 0 -1 

0 0 2 0 0 0 0 0 -1 
0 0 1 0 0 0 0 0 -1 
0 0 0 9 0 0 0 0 -1 
0 0 1 0 7 0 0 0 -1 
0 0 9 0 0 0 0 0 -1 
0 1 1 0 0 0 0 0 -1 
0 0 0 0 0 0 0 0 -1 
0 0 1 0 0 0 0 0 -1 

0 0 2 0 0 0 0 0 -1 
0 0 0 0 0 0 0 0 -1 
0 0 1 9 0 0 0 0 -1 
0 0 1 0 7 0 0 0 -1 
0 0 9 0 0 0 0 0 -1 
0 1 1 0 0 0 0 0 -1 
0 0 0 0 0 0 0 0 -1 
0 0 1 0 0 0 0 0 -1 

0 0 0 0 0 0 0 0 -1 
0 0 2 0 0 0 0 0 -1 
0 0 1 9 0 0 0 0 -1 
0 0 1 0 7 0 0 0 -1 
0 0 9 0 0 0 0 0 -1 
0 1 1 0 0 0 0 0 -1 
0 0 0 0 0 0 0 0 -1 
0 0 1 0 0 0 0 0 -1 

0 0 0 0 0 0 0 0 -1 
0 0 2 0 0 0 0 0 -1 
0 0 1 0 0 0 0 0 -1 
0 0 1 0 7 0 0 0 -1 
0 0 9 0 0 0 0 0 -1 
0 1 1 0 0 0 0 0 -1 
0 0 0 0 0 0 0 0 -1 
0 0 1 0 0 0 0 0 -1 

0 0 0 0 0 0 0 0 -1 
0 0 2 0 0 0 0 0 -1 
0 0 1 0 0 0 0 0 -1 
0 0 1 0 7 0 0 0 -1 
0 0 9 0 0 0 0 0 -1 
0 1 1 0 0 0 0 0 -1 
0 0 1 0 0 0 0 0 -1 
0 0 0 0 0 0 0 0 -1 

0 0 0 0 0 0 0 0 -1 
0 0 2 0 0 0 0 0 -1 
0 0 1 0 0 0 0 0 -1 
0 0 1 7 0 0 0 0 -1 
0 0 9 0 0 0 0 0 -1 
0 1 1 0 0 0 0 0 -1 
0 0 1 0 0 0 0 0 -1 
0 0 0 0 0 0 0 0 -1 

0 0 0 0 0 0 0 0 -1 
0 0 2 0 0 0 0 0 -1 
0 0 1 0 0 0 0 0 -1 
0 0 1 7 0 0 0 0 -1 
0 0 0 0 0 0 0 0 -1 
0 1 1 0 0 0 0 0 -1 
0 0 1 0 0 0 0 0 -1 
0 0 0 0 0 0 0 0 -1 

0 0 0 0 0 0 0 0 -1 
0 0 2 0 0 0 0 0 -1 
0 0 1 0 0 0 0 0 -1 
0 0 1 7 0 0 0 0 -1 
0 1 0 0 0 0 0 0 -1 
0 0 1 0 0 0 0 0 -1 
0 0 1 0 0 0 0 0 -1 
0 0 0 0 0 0 0 0 -1 

0 0 0 0 0 0 0 0 -1 
0 0 2 0 0 0 0 0 -1 
0 0 1 0 0 0 0 0 -1 
0 0 0 7 0 0 0 0 -1 
0 1 0 0 0 0 0 0 -1 
0 0 1 0 0 0 0 0 -1 
0 0 1 0 0 0 0 0 -1 
0 0 0 0 0 0 0 0 -1 

0 0 0 0 0 0 0 0 -1 
0 0 2 0 0 0 0 0 -1 
0 0 1 0 0 0 0 0 -1 
0 0 7 0 0 0 0 0 -1 
0 1 0 0 0 0 0 0 -1 
0 0 1 0 0 0 0 0 -1 
0 0 1 0 0 0 0 0 -1 
0 0 0 0 0 0 0 0 -1 

0 0 0 0 0 0 0 0 -1 
0 0 2 0 0 0 0 0 -1 
0 0 1 0 0 0 0 0 -1 
0 0 7 0 0 0 0 0 -1 
0 1 0 0 0 0 0 0 -1 
0 0 1 0 0 0 0 0 -1 
0 0 1 0 0 0 0 0 -1 
0 0 0 0 0 0 0 0 -1 

0 0 0 0 0 0 0 0 -1 
0 0 2 0 0 0 0 0 -1 
0 0 1 0 0 0 0 0 -1 
0 0 0 0 0 0 0 0 -1 
0 1 0 0 0 0 0 0 -1 
0 0 1 0 0 0 0 0 -1 
0 0 1 0 0 0 0 0 -1 
0 0 0 0 0 0 0 0 -1 

