1,8,8,1,
2,6,7,1,
3,10,7,1,
4,4,5,1,
5,12,4,1,
6,2,2,1,
7,14,2,1,
8,0,0,1,
-1,0,29,1,
-2,2,28,1,
-3,4,29,1,
-4,6,29,1,
-5,8,29,1,
-6,10,29,1,
-7,12,29,1,
-8,14,29,1,
1,8,8,1,
2,6,7,1,
3,10,7,1,
4,4,5,1,
5,12,4,1,
6,2,2,1,
7,14,2,1,
8,0,0,1,
-1,0,29,1,
-2,2,28,1,
-3,4,29,1,
-4,6,29,1,
-5,8,29,1,
-6,10,29,1,
-7,12,29,1,
-8,14,29,1,
1,8,8,1,
2,6,7,1,
3,10,7,1,
4,4,5,1,
5,12,4,1,
6,2,2,1,
7,14,2,1,
8,0,0,1,
-1,0,29,1,
-2,2,28,1,
-3,4,29,1,
-4,6,29,1,
-5,8,29,1,
-6,10,29,1,
-7,12,29,1,
-8,14,29,1,
1,8,8,1,
2,6,7,1,
3,10,7,1,
4,4,5,1,
5,12,4,1,
6,2,2,1,
7,14,2,1,
8,0,0,1,
-1,0,29,1,
-2,2,28,1,
-3,4,29,1,
-4,6,29,1,
-5,8,29,1,
-6,10,29,1,
-7,12,29,1,
-8,14,29,1,
1,8,9,1,
2,6,7,1,
3,10,7,1,
4,4,5,1,
5,12,4,1,
6,2,2,1,
7,14,2,1,
8,0,0,1,
-1,0,29,1,
-2,2,28,1,
-3,4,29,1,
-4,6,29,1,
-5,8,29,1,
-6,10,29,1,
-7,12,29,1,
-8,14,29,1,
1,8,9,1,
2,6,7,1,
3,10,7,1,
4,4,5,1,
5,12,4,1,
6,2,3,1,
7,14,3,1,
8,0,1,1,
-1,0,29,1,
-2,2,28,1,
-3,4,28,1,
-4,6,28,1,
-5,8,28,1,
-6,10,28,1,
-7,12,29,1,
-8,14,29,1,
1,8,9,1,
2,6,7,1,
3,10,7,1,
4,4,5,1,
5,12,4,1,
6,2,3,1,
7,14,3,1,
8,0,1,1,
-1,0,29,1,
-2,2,28,1,
-3,4,28,1,
-4,6,28,1,
-5,8,28,1,
-6,10,28,1,
-7,12,28,1,
-8,14,28,1,
1,8,9,1,
2,6,7,1,
3,10,7,1,
4,4,5,1,
5,12,4,1,
6,2,3,1,
7,14,3,1,
8,0,1,1,
-1,0,29,1,
-2,2,28,1,
-3,4,28,1,
-4,6,28,1,
-5,8,28,1,
-6,10,28,1,
-7,12,28,1,
-8,14,28,1,
1,8,9,1,
2,6,7,1,
3,10,7,1,
4,4,5,1,
5,12,4,1,
6,2,3,1,
7,14,3,1,
8,0,1,1,
-1,0,29,1,
-2,2,28,1,
-3,4,28,1,
-4,6,28,1,
-5,8,28,1,
-6,10,28,1,
-7,12,28,1,
-8,14,28,1,
1,8,9,1,
2,6,7,1,
3,10,7,1,
4,4,5,1,
5,12,4,1,
6,2,3,1,
7,14,3,1,
8,0,1,1,
-1,0,29,1,
-2,2,28,1,
-3,4,28,1,
-4,6,28,1,
-5,8,28,1,
-6,10,28,1,
-7,12,28,1,
-8,14,28,1,
1,8,9,1,
2,6,7,1,
3,10,7,1,
4,4,5,1,
5,12,4,1,
6,2,3,1,
7,14,3,1,
8,0,1,1,
-1,0,29,1,
-2,2,28,1,
-3,4,28,1,
-4,6,28,1,
-5,8,28,1,
-6,10,28,1,
-7,12,28,1,
-8,14,28,1,
1,8,9,1,
2,6,7,1,
3,10,7,1,
4,4,5,1,
5,12,4,1,
6,2,3,1,
7,14,3,1,
8,0,1,1,
-1,0,28,1,
-2,2,28,1,
-3,4,28,1,
-4,6,28,1,
-5,8,28,1,
-6,10,28,1,
-7,12,28,1,
-8,14,28,1,
1,8,9,1,
2,6,7,1,
3,10,7,1,
4,4,5,1,
5,12,4,1,
6,2,3,1,
7,14,3,1,
8,0,1,1,
-1,0,28,1,
-2,2,28,1,
-3,4,28,1,
-4,6,28,1,
-5,8,28,1,
-6,10,28,1,
-7,12,28,1,
-8,14,28,1,
1,8,9,1,
2,6,7,1,
3,10,7,1,
4,4,5,1,
5,12,5,1,
6,2,3,1,
7,14,3,1,
8,0,1,1,
-1,0,28,1,
-2,2,28,1,
-3,4,28,1,
-4,6,28,1,
-5,8,28,1,
-6,10,28,1,
-7,12,28,1,
-8,14,28,1,
1,8,9,1,
2,6,7,1,
3,10,7,1,
4,4,5,1,
5,12,5,1,
6,2,3,1,
7,14,3,1,
8,0,1,1,
-1,0,28,1,
-2,2,28,1,
-3,4,28,1,
-4,6,28,1,
-5,8,28,1,
-6,10,28,1,
-7,12,28,1,
-8,14,28,1,
1,8,9,1,
2,6,7,1,
3,10,7,1,
4,4,5,1,
5,12,5,1,
6,2,3,1,
7,14,3,1,
8,0,1,1,
-1,0,28,1,
-2,2,28,1,
-3,4,28,1,
-4,6,28,1,
-5,8,28,1,
-6,10,28,1,
-7,12,28,1,
-8,14,28,1,
1,8,9,1,
2,6,7,1,
3,10,7,1,
4,4,5,1,
5,12,5,1,
6,2,3,1,
7,14,3,1,
8,0,2,1,
-1,0,28,1,
-2,2,28,1,
-3,4,28,1,
-4,6,28,1,
-5,8,28,1,
-6,10,28,1,
-7,12,28,1,
-8,14,27,1,
1,8,9,1,
2,6,7,1,
3,10,7,1,
4,4,5,1,
5,12,5,1,
6,2,3,1,
7,14,3,1,
8,0,2,1,
-1,0,28,1,
-2,2,28,1,
-3,4,28,1,
-4,6,28,1,
-5,8,28,1,
-6,10,28,1,
-7,12,28,1,
-8,14,27,1,
1,8,9,1,
2,6,7,1,
3,10,7,1,
4,4,5,1,
5,12,5,1,
6,2,3,1,
7,14,4,1,
8,0,2,1,
-1,0,28,1,
-2,2,28,1,
-3,4,28,1,
-4,6,28,1,
-5,8,28,1,
-6,10,28,1,
-7,12,27,1,
-8,14,27,1,
1,8,9,1,
2,6,7,1,
3,10,7,1,
4,4,5,1,
5,12,5,1,
6,2,3,1,
7,14,4,1,
8,0,2,1,
-1,0,28,1,
-2,2,28,1,
-3,4,28,1,
-4,6,28,1,
-5,8,28,1,
-6,10,28,1,
-7,12,27,1,
-8,14,27,1,
1,8,9,1,
2,6,7,1,
3,10,7,1,
4,4,5,1,
5,12,5,1,
6,2,3,1,
7,14,4,1,
8,0,2,1,
-1,0,28,1,
-2,2,28,1,
-3,4,28,1,
-4,6,28,1,
-5,8,28,1,
-6,10,27,1,
-7,12,27,1,
-8,14,27,1,
1,8,9,1,
2,6,7,1,
3,10,7,1,
4,4,5,1,
5,12,5,1,
6,2,4,1,
7,14,4,1,
8,0,2,1,
-1,0,28,1,
-2,2,28,1,
-3,4,28,1,
-4,6,28,1,
-5,8,28,1,
-6,10,27,1,
-7,12,27,1,
-8,14,27,1,
1,8,9,1,
2,6,7,1,
3,10,7,1,
4,4,5,1,
5,12,5,1,
6,2,4,1,
7,14,4,1,
8,0,2,1,
-1,0,28,1,
-2,2,28,1,
-3,4,28,1,
-4,6,28,1,
-5,8,27,1,
-6,10,27,1,
-7,12,27,1,
-8,14,27,1,
1,8,9,1,
2,6,7,1,
3,10,7,1,
4,4,5,1,
5,12,6,1,
6,2,4,1,
7,14,4,1,
8,0,2,1,
-1,0,28,1,
-2,2,28,1,
-3,4,28,1,
-4,6,28,1,
-5,8,27,1,
-6,10,27,1,
-7,12,27,1,
-8,14,27,1,
1,8,9,1,
2,6,7,1,
3,10,7,1,
4,4,6,1,
5,12,6,1,
6,2,4,1,
7,14,4,1,
8,0,2,1,
-1,0,28,1,
-2,2,28,1,
-3,4,28,1,
-4,6,28,1,
-5,8,27,1,
-6,10,27,1,
-7,12,27,1,
-8,14,27,1,
1,8,9,1,
2,6,7,1,
3,10,7,1,
4,4,6,1,
5,12,6,1,
6,2,4,1,
7,14,4,1,
8,0,2,1,
-1,0,28,1,
-2,2,28,1,
-3,4,28,1,
-4,6,27,1,
-5,8,27,1,
-6,10,27,1,
-7,12,27,1,
-8,14,27,1,
1,8,9,1,
2,6,7,1,
3,10,8,1,
4,4,6,1,
5,12,6,1,
6,2,4,1,
7,14,4,1,
8,0,2,1,
-1,0,28,1,
-2,2,28,1,
-3,4,28,1,
-4,6,27,1,
-5,8,27,1,
-6,10,27,1,
-7,12,27,1,
-8,14,27,1,
1,8,9,1,
2,6,7,1,
3,10,8,1,
4,4,6,1,
5,12,6,1,
6,2,4,1,
7,14,4,1,
8,0,2,1,
-1,0,28,1,
-2,2,28,1,
-3,4,27,1,
-4,6,27,1,
-5,8,27,1,
-6,10,27,1,
-7,12,27,1,
-8,14,27,1,
1,8,9,1,
2,6,8,1,
3,10,8,1,
4,4,6,1,
5,12,6,1,
6,2,4,1,
7,14,4,1,
8,0,2,1,
-1,0,28,1,
-2,2,28,1,
-3,4,27,1,
-4,6,27,1,
-5,8,27,1,
-6,10,27,1,
-7,12,27,1,
-8,14,27,1,
1,8,9,1,
2,6,8,1,
3,10,8,1,
4,4,6,1,
5,12,6,1,
6,2,4,1,
7,14,4,1,
8,0,2,1,
-1,0,28,1,
-2,2,27,1,
-3,4,27,1,
-4,6,27,1,
-5,8,27,1,
-6,10,27,1,
-7,12,27,1,
-8,14,27,1,
1,8,9,1,
2,6,8,1,
3,10,8,1,
4,4,6,1,
5,12,6,1,
6,2,4,1,
7,14,4,1,
8,0,3,1,
-1,0,28,1,
-2,2,27,1,
-3,4,27,1,
-4,6,27,1,
-5,8,27,1,
-6,10,27,1,
-7,12,27,1,
-8,14,27,1,
1,8,9,1,
2,6,8,1,
3,10,8,1,
4,4,6,1,
5,12,6,1,
6,2,4,1,
7,14,4,1,
8,0,3,1,
-1,0,28,1,
-2,2,27,1,
-3,4,27,1,
-4,6,27,1,
-5,8,27,1,
-6,10,27,1,
-7,12,27,1,
-8,14,26,1,
1,8,9,1,
2,6,8,1,
3,10,8,1,
4,4,6,1,
5,12,6,1,
6,2,4,1,
7,14,4,1,
8,0,3,1,
-1,0,28,1,
-2,2,27,1,
-3,4,27,1,
-4,6,27,1,
-5,8,27,1,
-6,10,27,1,
-7,12,26,1,
-8,14,26,1,
1,8,9,1,
2,6,8,1,
3,10,8,1,
4,4,6,1,
5,12,6,1,
6,2,4,1,
7,14,5,1,
8,0,3,1,
-1,0,28,1,
-2,2,27,1,
-3,4,27,1,
-4,6,27,1,
-5,8,27,1,
-6,10,27,1,
-7,12,26,1,
-8,14,26,1,
1,8,9,1,
2,6,8,1,
3,10,8,1,
4,4,6,1,
5,12,6,1,
6,2,4,1,
7,14,5,1,
8,0,3,1,
-1,0,28,1,
-2,2,27,1,
-3,4,27,1,
-4,6,27,1,
-5,8,27,1,
-6,10,26,1,
-7,12,26,1,
-8,14,26,1,
1,8,9,1,
2,6,8,1,
3,10,8,1,
4,4,6,1,
5,12,6,1,
6,2,5,1,
7,14,5,1,
8,0,3,1,
-1,0,28,1,
-2,2,27,1,
-3,4,27,1,
-4,6,27,1,
-5,8,27,1,
-6,10,26,1,
-7,12,26,1,
-8,14,26,1,
1,8,9,1,
2,6,8,1,
3,10,8,1,
4,4,6,1,
5,12,6,1,
6,2,5,1,
7,14,5,1,
8,0,3,1,
-1,0,28,1,
-2,2,27,1,
-3,4,27,1,
-4,6,27,1,
-5,8,26,1,
-6,10,26,1,
-7,12,26,1,
-8,14,26,1,
1,8,9,1,
2,6,8,1,
3,10,8,1,
4,4,6,1,
5,12,7,1,
6,2,5,1,
7,14,5,1,
8,0,3,1,
-1,0,28,1,
-2,2,27,1,
-3,4,27,1,
-4,6,27,1,
-5,8,26,1,
-6,10,26,1,
-7,12,26,1,
-8,14,26,1,
1,8,9,1,
2,6,8,1,
3,10,8,1,
4,4,7,1,
5,12,7,1,
6,2,5,1,
7,14,5,1,
8,0,3,1,
-1,0,28,1,
-2,2,27,1,
-3,4,27,1,
-4,6,27,1,
-5,8,26,1,
-6,10,26,1,
-7,12,26,1,
-8,14,26,1,
1,8,10,1,
2,6,8,1,
3,10,8,1,
4,4,7,1,
5,12,7,1,
6,2,5,1,
7,14,5,1,
8,0,3,1,
-1,0,28,1,
-2,2,27,1,
-3,4,27,1,
-4,6,27,1,
-5,8,26,1,
-6,10,26,1,
-7,12,26,1,
-8,14,26,1,
1,8,10,1,
2,6,8,1,
3,10,8,1,
4,4,7,1,
5,12,7,1,
6,2,5,1,
7,14,5,1,
8,0,3,1,
-1,0,27,1,
-2,2,27,1,
-3,4,27,1,
-4,6,26,1,
-5,8,26,1,
-6,10,26,1,
-7,12,26,1,
-8,14,26,1,
1,8,10,1,
2,6,8,1,
3,10,8,1,
4,4,7,1,
5,12,7,1,
6,2,5,1,
7,14,5,1,
8,0,3,1,
-1,0,27,1,
-2,2,27,1,
-3,4,27,1,
-4,6,26,1,
-5,8,26,1,
-6,10,26,1,
-7,12,26,1,
-8,14,26,1,
1,8,10,1,
2,6,8,1,
3,10,9,1,
4,4,7,1,
5,12,7,1,
6,2,5,1,
7,14,5,1,
8,0,3,1,
-1,0,27,1,
-2,2,27,1,
-3,4,27,1,
-4,6,26,1,
-5,8,26,1,
-6,10,26,1,
-7,12,26,1,
-8,14,26,1,
1,8,10,1,
2,6,8,1,
3,10,9,1,
4,4,7,1,
5,12,7,1,
6,2,5,1,
7,14,5,1,
8,0,3,1,
-1,0,27,1,
-2,2,27,1,
-3,4,26,1,
-4,6,26,1,
-5,8,26,1,
-6,10,26,1,
-7,12,26,1,
-8,14,26,1,
1,8,10,1,
2,6,8,1,
3,10,9,1,
4,4,7,1,
5,12,7,1,
6,2,5,1,
7,14,5,1,
8,0,4,1,
-1,0,27,1,
-2,2,27,1,
-3,4,26,1,
-4,6,26,1,
-5,8,26,1,
-6,10,26,1,
-7,12,26,1,
-8,14,26,1,
1,8,10,1,
2,6,8,1,
3,10,9,1,
4,4,7,1,
5,12,7,1,
6,2,5,1,
7,14,5,1,
8,0,4,1,
-1,0,27,1,
-2,2,27,1,
-3,4,26,1,
-4,6,26,1,
-5,8,26,1,
-6,10,26,1,
-7,12,26,1,
-8,14,25,1,
1,8,10,1,
2,6,8,1,
3,10,9,1,
4,4,7,1,
5,12,7,1,
6,2,5,1,
7,14,5,1,
8,0,4,1,
-1,0,27,1,
-2,2,27,1,
-3,4,26,1,
-4,6,26,1,
-5,8,26,1,
-6,10,26,1,
-7,12,25,1,
-8,14,25,1,
1,8,10,1,
2,6,8,1,
3,10,9,1,
4,4,7,1,
5,12,7,1,
6,2,5,1,
7,14,6,1,
8,0,4,1,
-1,0,27,1,
-2,2,27,1,
-3,4,26,1,
-4,6,26,1,
-5,8,26,1,
-6,10,26,1,
-7,12,25,1,
-8,14,25,1,
1,8,10,1,
2,6,9,1,
3,10,9,1,
4,4,7,1,
5,12,7,1,
6,2,5,1,
7,14,6,1,
8,0,4,1,
-1,0,27,1,
-2,2,27,1,
-3,4,26,1,
-4,6,26,1,
-5,8,26,1,
-6,10,26,1,
-7,12,25,1,
-8,14,25,1,
1,8,10,1,
2,6,9,1,
3,10,9,1,
4,4,7,1,
5,12,7,1,
6,2,5,1,
7,14,6,1,
8,0,4,1,
-1,0,27,1,
-2,2,26,1,
-3,4,26,1,
-4,6,26,1,
-5,8,26,1,
-6,10,26,1,
-7,12,25,1,
-8,14,25,1,
1,8,10,1,
2,6,9,1,
3,10,9,1,
4,4,7,1,
5,12,7,1,
6,2,5,1,
7,14,6,1,
8,0,4,1,
-1,0,27,1,
-2,2,26,1,
-3,4,26,1,
-4,6,26,1,
-5,8,26,1,
-6,10,25,1,
-7,12,25,1,
-8,14,25,1,
1,8,10,1,
2,6,9,1,
3,10,9,1,
4,4,7,1,
5,12,7,1,
6,2,6,1,
7,14,6,1,
8,0,4,1,
-1,0,27,1,
-2,2,26,1,
-3,4,26,1,
-4,6,26,1,
-5,8,26,1,
-6,10,25,1,
-7,12,25,1,
-8,14,25,1,
1,8,10,1,
2,6,9,1,
3,10,9,1,
4,4,7,1,
5,12,7,1,
6,2,6,1,
7,14,6,1,
8,0,4,1,
-1,0,27,1,
-2,2,26,1,
-3,4,26,1,
-4,6,26,1,
-5,8,25,1,
-6,10,25,1,
-7,12,25,1,
-8,14,25,1,
1,8,10,1,
2,6,9,1,
3,10,9,1,
4,4,7,1,
5,12,8,1,
6,2,6,1,
7,14,6,1,
8,0,4,1,
-1,0,27,1,
-2,2,26,1,
-3,4,26,1,
-4,6,26,1,
-5,8,25,1,
-6,10,25,1,
-7,12,25,1,
-8,14,25,1,
1,8,10,1,
2,6,9,1,
3,10,9,1,
4,4,8,1,
5,12,8,1,
6,2,6,1,
7,14,6,1,
8,0,4,1,
-1,0,27,1,
-2,2,26,1,
-3,4,26,1,
-4,6,26,1,
-5,8,25,1,
-6,10,25,1,
-7,12,25,1,
-8,14,25,1,
1,8,10,1,
2,6,9,1,
3,10,9,1,
4,4,8,1,
5,12,8,1,
6,2,6,1,
7,14,6,1,
8,0,4,1,
-1,0,27,1,
-2,2,26,1,
-3,4,26,1,
-4,6,25,1,
-5,8,25,1,
-6,10,25,1,
-7,12,25,1,
-8,14,25,1,
1,8,10,1,
2,6,9,1,
3,10,10,1,
4,4,8,1,
5,12,8,1,
6,2,6,1,
7,14,6,1,
8,0,4,1,
-1,0,27,1,
-2,2,26,1,
-3,4,26,1,
-4,6,25,1,
-5,8,25,1,
-6,10,25,1,
-7,12,25,1,
-8,14,25,1,
1,8,10,1,
2,6,9,1,
3,10,10,1,
4,4,8,1,
5,12,8,1,
6,2,6,1,
7,14,6,1,
8,0,5,1,
-1,0,27,1,
-2,2,26,1,
-3,4,26,1,
-4,6,25,1,
-5,8,25,1,
-6,10,25,1,
-7,12,25,1,
-8,14,25,1,
1,8,10,1,
2,6,9,1,
3,10,10,1,
4,4,8,1,
5,12,8,1,
6,2,6,1,
7,14,6,1,
8,0,5,1,
-1,0,27,1,
-2,2,26,1,
-3,4,25,1,
-4,6,25,1,
-5,8,25,1,
-6,10,25,1,
-7,12,25,1,
-8,14,24,1,
1,8,10,1,
2,6,9,1,
3,10,10,1,
4,4,8,1,
5,12,8,1,
6,2,6,1,
7,14,6,1,
8,0,5,1,
-1,0,27,1,
-2,2,26,1,
-3,4,25,1,
-4,6,25,1,
-5,8,25,1,
-6,10,25,1,
-7,12,25,1,
-8,14,24,1,
1,8,10,1,
2,6,9,1,
3,10,10,1,
4,4,8,1,
5,12,8,1,
6,2,6,1,
7,14,6,1,
8,0,5,1,
-1,0,27,1,
-2,2,26,1,
-3,4,25,1,
-4,6,25,1,
-5,8,25,1,
-6,10,25,1,
-7,12,24,1,
-8,14,24,1,
1,8,10,1,
2,6,9,1,
3,10,10,1,
4,4,8,1,
5,12,8,1,
6,2,6,1,
7,14,7,1,
8,0,5,1,
-1,0,27,1,
-2,2,26,1,
-3,4,25,1,
-4,6,25,1,
-5,8,25,1,
-6,10,25,1,
-7,12,24,1,
-8,14,24,1,
1,8,10,1,
2,6,9,1,
3,10,10,1,
4,4,8,1,
5,12,8,1,
6,2,6,1,
7,14,7,1,
8,0,5,1,
-1,0,27,1,
-2,2,26,1,
-3,4,25,1,
-4,6,25,1,
-5,8,25,1,
-6,10,24,1,
-7,12,24,1,
-8,14,24,1,
1,8,10,1,
2,6,9,1,
3,10,10,1,
4,4,8,1,
5,12,8,1,
6,2,7,1,
7,14,7,1,
8,0,5,1,
-1,0,27,1,
-2,2,26,1,
-3,4,25,1,
-4,6,25,1,
-5,8,25,1,
-6,10,24,1,
-7,12,24,1,
-8,14,24,1,
1,8,10,1,
2,6,9,1,
3,10,10,1,
4,4,8,1,
5,12,8,1,
6,2,7,1,
7,14,7,1,
8,0,5,1,
-1,0,27,1,
-2,2,26,1,
-3,4,25,1,
-4,6,25,1,
-5,8,24,1,
-6,10,24,1,
-7,12,24,1,
-8,14,24,1,
1,8,10,1,
2,6,9,1,
3,10,10,1,
4,4,8,1,
5,12,9,1,
6,2,7,1,
7,14,7,1,
8,0,5,1,
-1,0,27,1,
-2,2,26,1,
-3,4,25,1,
-4,6,25,1,
-5,8,24,1,
-6,10,24,1,
-7,12,24,1,
-8,14,24,1,
1,8,10,1,
2,6,10,1,
3,10,10,1,
4,4,8,1,
5,12,9,1,
6,2,7,1,
7,14,7,1,
8,0,5,1,
-1,0,27,1,
-2,2,26,1,
-3,4,25,1,
-4,6,25,1,
-5,8,24,1,
-6,10,24,1,
-7,12,24,1,
-8,14,24,1,
1,8,11,1,
2,6,10,1,
3,10,10,1,
4,4,8,1,
5,12,9,1,
6,2,7,1,
7,14,7,1,
8,0,5,1,
-1,0,27,1,
-2,2,25,1,
-3,4,25,1,
-4,6,25,1,
-5,8,24,1,
-6,10,24,1,
-7,12,24,1,
-8,14,24,1,
1,8,11,1,
2,6,10,1,
3,10,10,1,
4,4,9,1,
5,12,9,1,
6,2,7,1,
7,14,7,1,
8,0,5,1,
-1,0,27,1,
-2,2,25,1,
-3,4,25,1,
-4,6,25,1,
-5,8,24,1,
-6,10,24,1,
-7,12,24,1,
-8,14,24,1,
1,8,11,1,
2,6,10,1,
3,10,10,1,
4,4,9,1,
5,12,9,1,
6,2,7,1,
7,14,7,1,
8,0,5,1,
-1,0,27,1,
-2,2,25,1,
-3,4,25,1,
-4,6,25,1,
-5,8,24,1,
-6,10,24,1,
-7,12,24,1,
-8,14,24,1,
1,8,11,1,
2,6,10,1,
3,10,10,1,
4,4,9,1,
5,12,9,1,
6,2,7,1,
7,14,7,1,
8,0,5,1,
-1,0,26,1,
-2,2,25,1,
-3,4,25,1,
-4,6,25,1,
-5,8,24,1,
-6,10,24,1,
-7,12,24,1,
-8,14,24,1,
1,8,11,1,
2,6,10,1,
3,10,10,1,
4,4,9,1,
5,12,9,1,
6,2,7,1,
7,14,7,1,
8,0,5,1,
-1,0,26,1,
-2,2,25,1,
-3,4,25,1,
-4,6,24,1,
-5,8,24,1,
-6,10,24,1,
-7,12,24,1,
-8,14,24,1,
1,8,11,1,
2,6,10,1,
3,10,10,1,
4,4,9,1,
5,12,9,1,
6,2,7,1,
7,14,7,1,
8,0,6,1,
-1,0,26,1,
-2,2,25,1,
-3,4,25,1,
-4,6,24,1,
-5,8,24,1,
-6,10,24,1,
-7,12,24,1,
-8,14,23,1,
1,8,11,1,
2,6,10,1,
3,10,10,1,
4,4,9,1,
5,12,9,1,
6,2,7,1,
7,14,7,1,
8,0,6,1,
-1,0,26,1,
-2,2,25,1,
-3,4,25,1,
-4,6,24,1,
-5,8,24,1,
-6,10,24,1,
-7,12,24,1,
-8,14,23,1,
1,8,11,1,
2,6,10,1,
3,10,10,1,
4,4,9,1,
5,12,9,1,
6,2,7,1,
7,14,8,1,
8,0,6,1,
-1,0,26,1,
-2,2,25,1,
-3,4,25,1,
-4,6,24,1,
-5,8,24,1,
-6,10,24,1,
-7,12,23,1,
-8,14,23,1,
1,8,11,1,
2,6,10,1,
3,10,10,1,
4,4,9,1,
5,12,9,1,
6,2,7,1,
7,14,8,1,
8,0,6,1,
-1,0,26,1,
-2,2,25,1,
-3,4,25,1,
-4,6,24,1,
-5,8,24,1,
-6,10,24,1,
-7,12,23,1,
-8,14,23,1,
1,8,11,1,
2,6,10,1,
3,10,11,1,
4,4,9,1,
5,12,9,1,
6,2,7,1,
7,14,8,1,
8,0,6,1,
-1,0,26,1,
-2,2,25,1,
-3,4,25,1,
-4,6,24,1,
-5,8,24,1,
-6,10,24,1,
-7,12,23,1,
-8,14,23,1,
1,8,11,1,
2,6,10,1,
3,10,11,1,
4,4,9,1,
5,12,9,1,
6,2,7,1,
7,14,8,1,
8,0,6,1,
-1,0,26,1,
-2,2,25,1,
-3,4,25,1,
-4,6,24,1,
-5,8,24,1,
-6,10,23,1,
-7,12,23,1,
-8,14,23,1,
1,8,11,1,
2,6,10,1,
3,10,11,1,
4,4,9,1,
5,12,9,1,
6,2,8,1,
7,14,8,1,
8,0,6,1,
-1,0,26,1,
-2,2,25,1,
-3,4,25,1,
-4,6,24,1,
-5,8,24,1,
-6,10,23,1,
-7,12,23,1,
-8,14,23,1,
1,8,11,1,
2,6,10,1,
3,10,11,1,
4,4,9,1,
5,12,9,1,
6,2,8,1,
7,14,8,1,
8,0,6,1,
-1,0,26,1,
-2,2,25,1,
-3,4,24,1,
-4,6,24,1,
-5,8,24,1,
-6,10,23,1,
-7,12,23,1,
-8,14,23,1,
1,8,11,1,
2,6,10,1,
3,10,11,1,
4,4,9,1,
5,12,9,1,
6,2,8,1,
7,14,8,1,
8,0,6,1,
-1,0,26,1,
-2,2,25,1,
-3,4,24,1,
-4,6,24,1,
-5,8,23,1,
-6,10,23,1,
-7,12,23,1,
-8,14,23,1,
1,8,11,1,
2,6,10,1,
3,10,11,1,
4,4,9,1,
5,12,10,1,
6,2,8,1,
7,14,8,1,
8,0,6,1,
-1,0,26,1,
-2,2,25,1,
-3,4,24,1,
-4,6,24,1,
-5,8,23,1,
-6,10,23,1,
-7,12,23,1,
-8,14,23,1,
1,8,11,1,
2,6,10,1,
3,10,11,1,
4,4,10,1,
5,12,10,1,
6,2,8,1,
7,14,8,1,
8,0,6,1,
-1,0,26,1,
-2,2,25,1,
-3,4,24,1,
-4,6,24,1,
-5,8,23,1,
-6,10,23,1,
-7,12,23,1,
-8,14,23,1,
1,8,11,1,
2,6,10,1,
3,10,11,1,
4,4,10,1,
5,12,10,1,
6,2,8,1,
7,14,8,1,
8,0,7,1,
-1,0,26,1,
-2,2,25,1,
-3,4,24,1,
-4,6,24,1,
-5,8,23,1,
-6,10,23,1,
-7,12,23,1,
-8,14,23,1,
1,8,11,1,
2,6,10,1,
3,10,11,1,
4,4,10,1,
5,12,10,1,
6,2,8,1,
7,14,8,1,
8,0,7,1,
-1,0,26,1,
-2,2,25,1,
-3,4,24,1,
-4,6,24,1,
-5,8,23,1,
-6,10,23,1,
-7,12,23,1,
-8,14,22,1,
1,8,11,1,
2,6,10,1,
3,10,11,1,
4,4,10,1,
5,12,10,1,
6,2,8,1,
7,14,8,1,
8,0,7,1,
-1,0,26,1,
-2,2,25,1,
-3,4,24,1,
-4,6,23,1,
-5,8,23,1,
-6,10,23,1,
-7,12,23,1,
-8,14,22,1,
1,8,11,1,
2,6,10,1,
3,10,11,1,
4,4,10,1,
5,12,10,1,
6,2,8,1,
7,14,8,1,
8,0,7,1,
-1,0,26,1,
-2,2,25,1,
-3,4,24,1,
-4,6,23,1,
-5,8,23,1,
-6,10,23,1,
-7,12,22,1,
-8,14,22,1,
1,8,11,1,
2,6,10,1,
3,10,11,1,
4,4,10,1,
5,12,10,1,
6,2,8,1,
7,14,9,1,
8,0,7,1,
-1,0,26,1,
-2,2,25,1,
-3,4,24,1,
-4,6,23,1,
-5,8,23,1,
-6,10,23,1,
-7,12,22,1,
-8,14,22,1,
1,8,11,1,
2,6,11,1,
3,10,11,1,
4,4,10,1,
5,12,10,1,
6,2,8,1,
7,14,9,1,
8,0,7,1,
-1,0,26,1,
-2,2,25,1,
-3,4,24,1,
-4,6,23,1,
-5,8,23,1,
-6,10,23,1,
-7,12,22,1,
-8,14,22,1,
1,8,11,1,
2,6,11,1,
3,10,11,1,
4,4,10,1,
5,12,10,1,
6,2,8,1,
7,14,9,1,
8,0,7,1,
-1,0,26,1,
-2,2,24,1,
-3,4,24,1,
-4,6,23,1,
-5,8,23,1,
-6,10,23,1,
-7,12,22,1,
-8,14,22,1,
1,8,11,1,
2,6,11,1,
3,10,11,1,
4,4,10,1,
5,12,10,1,
6,2,8,1,
7,14,9,1,
8,0,7,1,
-1,0,26,1,
-2,2,24,1,
-3,4,24,1,
-4,6,23,1,
-5,8,23,1,
-6,10,22,1,
-7,12,22,1,
-8,14,22,1,
1,8,11,1,
2,6,11,1,
3,10,11,1,
4,4,10,1,
5,12,10,1,
6,2,9,1,
7,14,9,1,
8,0,7,1,
-1,0,26,1,
-2,2,24,1,
-3,4,24,1,
-4,6,23,1,
-5,8,23,1,
-6,10,22,1,
-7,12,22,1,
-8,14,22,1,
1,8,11,1,
2,6,11,1,
3,10,12,1,
4,4,10,1,
5,12,10,1,
6,2,9,1,
7,14,9,1,
8,0,7,1,
-1,0,26,1,
-2,2,24,1,
-3,4,24,1,
-4,6,23,1,
-5,8,23,1,
-6,10,22,1,
-7,12,22,1,
-8,14,22,1,
1,8,11,1,
2,6,11,1,
3,10,12,1,
4,4,10,1,
5,12,10,1,
6,2,9,1,
7,14,9,1,
8,0,7,1,
-1,0,26,1,
-2,2,24,1,
-3,4,23,1,
-4,6,23,1,
-5,8,23,1,
-6,10,22,1,
-7,12,22,1,
-8,14,22,1,
1,8,11,1,
2,6,11,1,
3,10,12,1,
4,4,10,1,
5,12,10,1,
6,2,9,1,
7,14,9,1,
8,0,7,1,
-1,0,26,1,
-2,2,24,1,
-3,4,23,1,
-4,6,23,1,
-5,8,22,1,
-6,10,22,1,
-7,12,22,1,
-8,14,22,1,
1,8,11,1,
2,6,11,1,
3,10,12,1,
4,4,10,1,
5,12,11,1,
6,2,9,1,
7,14,9,1,
8,0,7,1,
-1,0,26,1,
-2,2,24,1,
-3,4,23,1,
-4,6,23,1,
-5,8,22,1,
-6,10,22,1,
-7,12,22,1,
-8,14,22,1,
1,8,11,1,
2,6,11,1,
3,10,12,1,
4,4,10,1,
5,12,11,1,
6,2,9,1,
7,14,9,1,
8,0,8,1,
-1,0,26,1,
-2,2,24,1,
-3,4,23,1,
-4,6,23,1,
-5,8,22,1,
-6,10,22,1,
-7,12,22,1,
-8,14,21,1,
1,8,11,1,
2,6,11,1,
3,10,12,1,
4,4,10,1,
5,12,11,1,
6,2,9,1,
7,14,9,1,
8,0,8,1,
-1,0,26,1,
-2,2,24,1,
-3,4,23,1,
-4,6,23,1,
-5,8,22,1,
-6,10,22,1,
-7,12,22,1,
-8,14,21,1,
1,8,12,1,
2,6,11,1,
3,10,12,1,
4,4,10,1,
5,12,11,1,
6,2,9,1,
7,14,9,1,
8,0,8,1,
-1,0,26,1,
-2,2,24,1,
-3,4,23,1,
-4,6,23,1,
-5,8,22,1,
-6,10,22,1,
-7,12,22,1,
-8,14,21,1,
1,8,12,1,
2,6,11,1,
3,10,12,1,
4,4,11,1,
5,12,11,1,
6,2,9,1,
7,14,9,1,
8,0,8,1,
-1,0,26,1,
-2,2,24,1,
-3,4,23,1,
-4,6,23,1,
-5,8,22,1,
-6,10,22,1,
-7,12,22,1,
-8,14,21,1,
1,8,12,1,
2,6,11,1,
3,10,12,1,
4,4,11,1,
5,12,11,1,
6,2,9,1,
7,14,9,1,
8,0,8,1,
-1,0,25,1,
-2,2,24,1,
-3,4,23,1,
-4,6,23,1,
-5,8,22,1,
-6,10,22,1,
-7,12,21,1,
-8,14,21,1,
1,8,12,1,
2,6,11,1,
3,10,12,1,
4,4,11,1,
5,12,11,1,
6,2,9,1,
7,14,10,1,
8,0,8,1,
-1,0,25,1,
-2,2,24,1,
-3,4,23,1,
-4,6,23,1,
-5,8,22,1,
-6,10,22,1,
-7,12,21,1,
-8,14,21,1,
1,8,12,1,
2,6,11,1,
3,10,12,1,
4,4,11,1,
5,12,11,1,
6,2,9,1,
7,14,10,1,
8,0,8,1,
-1,0,25,1,
-2,2,24,1,
-3,4,23,1,
-4,6,22,1,
-5,8,22,1,
-6,10,22,1,
-7,12,21,1,
-8,14,21,1,
1,8,12,1,
2,6,11,1,
3,10,12,1,
4,4,11,1,
5,12,11,1,
6,2,9,1,
7,14,10,1,
8,0,8,1,
-1,0,25,1,
-2,2,24,1,
-3,4,23,1,
-4,6,22,1,
-5,8,22,1,
-6,10,22,1,
-7,12,21,1,
-8,14,21,1,
1,8,12,1,
2,6,11,1,
3,10,12,1,
4,4,11,1,
5,12,11,1,
6,2,9,1,
7,14,10,1,
8,0,8,1,
-1,0,25,1,
-2,2,24,1,
-3,4,23,1,
-4,6,22,1,
-5,8,22,1,
-6,10,21,1,
-7,12,21,1,
-8,14,21,1,
1,8,12,1,
2,6,11,1,
3,10,12,1,
4,4,11,1,
5,12,11,1,
6,2,10,1,
7,14,10,1,
8,0,8,1,
-1,0,25,1,
-2,2,24,1,
-3,4,23,1,
-4,6,22,1,
-5,8,22,1,
-6,10,21,1,
-7,12,21,1,
-8,14,21,1,
1,8,12,1,
2,6,11,1,
3,10,12,1,
4,4,11,1,
5,12,12,1,
6,2,10,1,
7,14,10,1,
8,0,8,1,
-1,0,25,1,
-2,2,24,1,
-3,4,23,1,
-4,6,22,1,
-5,8,21,1,
-6,10,21,1,
-7,12,21,1,
-8,14,21,1,
1,8,12,1,
2,6,11,1,
3,10,12,1,
4,4,11,1,
5,12,12,1,
6,2,10,1,
7,14,10,1,
8,0,8,1,
-1,0,25,1,
-2,2,24,1,
-3,4,23,1,
-4,6,22,1,
-5,8,21,1,
-6,10,21,1,
-7,12,21,1,
-8,14,21,1,
1,8,12,1,
2,6,12,1,
3,10,12,1,
4,4,11,1,
5,12,12,1,
6,2,10,1,
7,14,10,1,
8,0,8,1,
-1,0,25,1,
-2,2,23,1,
-3,4,23,1,
-4,6,22,1,
-5,8,21,1,
-6,10,21,1,
-7,12,21,1,
-8,14,21,1,
1,8,12,1,
2,6,12,1,
3,10,13,1,
4,4,11,1,
5,12,12,1,
6,2,10,1,
7,14,10,1,
8,0,8,1,
-1,0,25,1,
-2,2,23,1,
-3,4,23,1,
-4,6,22,1,
-5,8,21,1,
-6,10,21,1,
-7,12,21,1,
-8,14,21,1,
1,8,12,1,
2,6,12,1,
3,10,13,1,
4,4,11,1,
5,12,12,1,
6,2,10,1,
7,14,10,1,
8,0,8,1,
-1,0,25,1,
-2,2,23,1,
-3,4,23,1,
-4,6,22,1,
-5,8,21,1,
-6,10,21,1,
-7,12,21,1,
-8,14,21,1,
1,8,12,1,
2,6,12,1,
3,10,13,1,
4,4,11,1,
5,12,12,1,
6,2,10,1,
7,14,10,1,
8,0,9,1,
-1,0,25,1,
-2,2,23,1,
-3,4,22,1,
-4,6,22,1,
-5,8,21,1,
-6,10,21,1,
-7,12,21,1,
-8,14,21,1,
1,8,12,1,
2,6,12,1,
3,10,13,1,
4,4,11,1,
5,12,12,1,
6,2,10,1,
7,14,10,1,
8,0,9,1,
-1,0,25,1,
-2,2,23,1,
-3,4,22,1,
-4,6,22,1,
-5,8,21,1,
-6,10,21,1,
-7,12,21,1,
-8,14,20,1,
1,8,12,1,
2,6,12,1,
3,10,13,1,
4,4,11,1,
5,12,12,1,
6,2,10,1,
7,14,10,1,
8,0,9,1,
-1,0,25,1,
-2,2,23,1,
-3,4,22,1,
-4,6,22,1,
-5,8,21,1,
-6,10,21,1,
-7,12,21,1,
-8,14,20,1,
1,8,12,1,
2,6,12,1,
3,10,13,1,
4,4,11,1,
5,12,12,1,
6,2,10,1,
7,14,11,1,
8,0,9,1,
-1,0,25,1,
-2,2,23,1,
-3,4,22,1,
-4,6,22,1,
-5,8,21,1,
-6,10,21,1,
-7,12,20,1,
-8,14,20,1,
1,8,12,1,
2,6,12,1,
3,10,13,1,
4,4,11,1,
5,12,12,1,
6,2,10,1,
7,14,11,1,
8,0,9,1,
-1,0,25,1,
-2,2,23,1,
-3,4,22,1,
-4,6,22,1,
-5,8,21,1,
-6,10,21,1,
-7,12,20,1,
-8,14,20,1,
1,8,12,1,
2,6,12,1,
3,10,13,1,
4,4,12,1,
5,12,12,1,
6,2,10,1,
7,14,11,1,
8,0,9,1,
-1,0,25,1,
-2,2,23,1,
-3,4,22,1,
-4,6,22,1,
-5,8,21,1,
-6,10,21,1,
-7,12,20,1,
-8,14,20,1,
1,8,12,1,
2,6,12,1,
3,10,13,1,
4,4,12,1,
5,12,12,1,
6,2,10,1,
7,14,11,1,
8,0,9,1,
-1,0,25,1,
-2,2,23,1,
-3,4,22,1,
-4,6,21,1,
-5,8,21,1,
-6,10,21,1,
-7,12,20,1,
-8,14,20,1,
1,8,12,1,
2,6,12,1,
3,10,13,1,
4,4,12,1,
5,12,12,1,
6,2,11,1,
7,14,11,1,
8,0,9,1,
-1,0,25,1,
-2,2,23,1,
-3,4,22,1,
-4,6,21,1,
-5,8,21,1,
-6,10,20,1,
-7,12,20,1,
-8,14,20,1,
1,8,12,1,
2,6,12,1,
3,10,13,1,
4,4,12,1,
5,12,12,1,
6,2,11,1,
7,14,11,1,
8,0,9,1,
-1,0,25,1,
-2,2,23,1,
-3,4,22,1,
-4,6,21,1,
-5,8,21,1,
-6,10,20,1,
-7,12,20,1,
-8,14,20,1,
1,8,12,1,
2,6,12,1,
3,10,13,1,
4,4,12,1,
5,12,12,1,
6,2,11,1,
7,14,11,1,
8,0,9,1,
-1,0,25,1,
-2,2,23,1,
-3,4,22,1,
-4,6,21,1,
-5,8,20,1,
-6,10,20,1,
-7,12,20,1,
-8,14,20,1,
1,8,12,1,
2,6,12,1,
3,10,13,1,
4,4,12,1,
5,12,13,1,
6,2,11,1,
7,14,11,1,
8,0,9,1,
-1,0,25,1,
-2,2,23,1,
-3,4,22,1,
-4,6,21,1,
-5,8,20,1,
-6,10,20,1,
-7,12,20,1,
-8,14,20,1,
1,8,12,1,
2,6,12,1,
3,10,13,1,
4,4,12,1,
5,12,13,1,
6,2,11,1,
7,14,11,1,
8,0,10,1,
-1,0,25,1,
-2,2,23,1,
-3,4,22,1,
-4,6,21,1,
-5,8,20,1,
-6,10,20,1,
-7,12,20,1,
-8,14,19,1,
1,8,12,1,
2,6,12,1,
3,10,13,1,
4,4,12,1,
5,12,13,1,
6,2,11,1,
7,14,11,1,
8,0,10,1,
-1,0,25,1,
-2,2,23,1,
-3,4,22,1,
-4,6,21,1,
-5,8,20,1,
-6,10,20,1,
-7,12,20,1,
-8,14,19,1,
1,8,12,1,
2,6,12,1,
3,10,13,1,
4,4,12,1,
5,12,13,1,
6,2,11,1,
7,14,12,1,
8,0,10,1,
-1,0,25,1,
-2,2,23,1,
-3,4,22,1,
-4,6,21,1,
-5,8,20,1,
-6,10,20,1,
-7,12,19,1,
-8,14,19,1,
1,8,12,1,
2,6,12,1,
3,10,13,1,
4,4,12,1,
5,12,13,1,
6,2,11,1,
7,14,12,1,
8,0,10,1,
-1,0,25,1,
-2,2,23,1,
-3,4,22,1,
-4,6,21,1,
-5,8,20,1,
-6,10,20,1,
-7,12,19,1,
-8,14,19,1,
1,8,12,1,
2,6,12,1,
3,10,14,1,
4,4,12,1,
5,12,13,1,
6,2,11,1,
7,14,12,1,
8,0,10,1,
-1,0,25,1,
-2,2,23,1,
-3,4,22,1,
-4,6,21,1,
-5,8,20,1,
-6,10,20,1,
-7,12,19,1,
-8,14,19,1,
1,8,12,1,
2,6,12,1,
3,10,14,1,
4,4,12,1,
5,12,13,1,
6,2,11,1,
7,14,12,1,
8,0,10,1,
-1,0,25,1,
-2,2,23,1,
-3,4,21,1,
-4,6,21,1,
-5,8,20,1,
-6,10,20,1,
-7,12,19,1,
-8,14,19,1,
1,8,13,1,
2,6,13,1,
3,10,14,1,
4,4,12,1,
5,12,13,1,
6,2,11,1,
7,14,12,1,
8,0,10,1,
-1,0,25,1,
-2,2,23,1,
-3,4,21,1,
-4,6,21,1,
-5,8,20,1,
-6,10,20,1,
-7,12,19,1,
-8,14,19,1,
1,8,13,1,
2,6,13,1,
3,10,14,1,
4,4,12,1,
5,12,13,1,
6,2,11,1,
7,14,12,1,
8,0,10,1,
-1,0,25,1,
-2,2,23,1,
-3,4,21,1,
-4,6,21,1,
-5,8,20,1,
-6,10,20,1,
-7,12,19,1,
-8,14,19,1,
1,8,13,1,
2,6,13,1,
3,10,14,1,
4,4,12,1,
5,12,13,1,
6,2,11,1,
7,14,12,1,
8,0,10,1,
-1,0,25,1,
-2,2,22,1,
-3,4,21,1,
-4,6,21,1,
-5,8,20,1,
-6,10,20,1,
-7,12,19,1,
-8,14,19,1,
1,8,13,1,
2,6,13,1,
3,10,14,1,
4,4,12,1,
5,12,13,1,
6,2,11,1,
7,14,12,1,
8,0,10,1,
-1,0,25,1,
-2,2,22,1,
-3,4,21,1,
-4,6,21,1,
-5,8,20,1,
-6,10,19,1,
-7,12,19,1,
-8,14,19,1,
1,8,13,1,
2,6,13,1,
3,10,14,1,
4,4,13,1,
5,12,13,1,
6,2,12,1,
7,14,12,1,
8,0,10,1,
-1,0,25,1,
-2,2,22,1,
-3,4,21,1,
-4,6,21,1,
-5,8,20,1,
-6,10,19,1,
-7,12,19,1,
-8,14,19,1,
1,8,13,1,
2,6,13,1,
3,10,14,1,
4,4,13,1,
5,12,13,1,
6,2,12,1,
7,14,12,1,
8,0,10,1,
-1,0,25,1,
-2,2,22,1,
-3,4,21,1,
-4,6,21,1,
-5,8,20,1,
-6,10,19,1,
-7,12,19,1,
-8,14,19,1,
1,8,13,1,
2,6,13,1,
3,10,14,1,
4,4,13,1,
5,12,13,1,
6,2,12,1,
7,14,12,1,
8,0,10,1,
-1,0,24,1,
-2,2,22,1,
-3,4,21,1,
-4,6,21,1,
-5,8,20,1,
-6,10,19,1,
-7,12,19,1,
-8,14,19,1,
1,8,13,1,
2,6,13,1,
3,10,14,1,
4,4,13,1,
5,12,13,1,
6,2,12,1,
7,14,12,1,
8,0,10,1,
-1,0,24,1,
-2,2,22,1,
-3,4,21,1,
-4,6,20,1,
-5,8,20,1,
-6,10,19,1,
-7,12,19,1,
-8,14,19,1,
1,8,13,1,
2,6,13,1,
3,10,14,1,
4,4,13,1,
5,12,13,1,
6,2,12,1,
7,14,12,1,
8,0,11,1,
-1,0,24,1,
-2,2,22,1,
-3,4,21,1,
-4,6,20,1,
-5,8,20,1,
-6,10,19,1,
-7,12,19,1,
-8,14,19,1,
1,8,13,1,
2,6,13,1,
3,10,14,1,
4,4,13,1,
5,12,13,1,
6,2,12,1,
7,14,12,1,
8,0,11,1,
-1,0,24,1,
-2,2,22,1,
-3,4,21,1,
-4,6,20,1,
-5,8,20,1,
-6,10,19,1,
-7,12,19,1,
-8,14,18,1,
1,8,13,1,
2,6,13,1,
3,10,14,1,
4,4,13,1,
5,12,13,1,
6,2,12,1,
7,14,12,1,
8,0,11,1,
-1,0,24,1,
-2,2,22,1,
-3,4,21,1,
-4,6,20,1,
-5,8,19,1,
-6,10,19,1,
-7,12,19,1,
-8,14,18,1,
1,8,13,1,
2,6,13,1,
3,10,14,1,
4,4,13,1,
5,12,14,1,
6,2,12,1,
7,14,12,1,
8,0,11,1,
-1,0,24,1,
-2,2,22,1,
-3,4,21,1,
-4,6,20,1,
-5,8,19,1,
-6,10,19,1,
-7,12,19,1,
-8,14,18,1,
1,8,13,1,
2,6,13,1,
3,10,14,1,
4,4,13,1,
5,12,14,1,
6,2,12,1,
7,14,13,1,
8,0,11,1,
-1,0,24,1,
-2,2,22,1,
-3,4,21,1,
-4,6,20,1,
-5,8,19,1,
-6,10,19,1,
-7,12,18,1,
-8,14,18,1,
1,8,13,1,
2,6,13,1,
3,10,14,1,
4,4,13,1,
5,12,14,1,
6,2,12,1,
7,14,13,1,
8,0,11,1,
-1,0,24,1,
-2,2,22,1,
-3,4,21,1,
-4,6,20,1,
-5,8,19,1,
-6,10,19,1,
-7,12,18,1,
-8,14,18,1,
1,8,13,1,
2,6,13,1,
3,10,15,1,
4,4,13,1,
5,12,14,1,
6,2,12,1,
7,14,13,1,
8,0,11,1,
-1,0,24,1,
-2,2,22,1,
-3,4,21,1,
-4,6,20,1,
-5,8,19,1,
-6,10,19,1,
-7,12,18,1,
-8,14,18,1,
1,8,13,1,
2,6,13,1,
3,10,15,1,
4,4,13,1,
5,12,14,1,
6,2,12,1,
7,14,13,1,
8,0,11,1,
-1,0,24,1,
-2,2,22,1,
-3,4,21,1,
-4,6,20,1,
-5,8,19,1,
-6,10,18,1,
-7,12,18,1,
-8,14,18,1,
1,8,13,1,
2,6,13,1,
3,10,15,1,
4,4,13,1,
5,12,14,1,
6,2,13,1,
7,14,13,1,
8,0,11,1,
-1,0,24,1,
-2,2,22,1,
-3,4,21,1,
-4,6,20,1,
-5,8,19,1,
-6,10,18,1,
-7,12,18,1,
-8,14,18,1,
1,8,13,1,
2,6,13,1,
3,10,15,1,
4,4,13,1,
5,12,14,1,
6,2,13,1,
7,14,13,1,
8,0,11,1,
-1,0,24,1,
-2,2,22,1,
-3,4,20,1,
-4,6,20,1,
-5,8,19,1,
-6,10,18,1,
-7,12,18,1,
-8,14,18,1,
1,8,13,1,
2,6,13,1,
3,10,15,1,
4,4,14,1,
5,12,14,1,
6,2,13,1,
7,14,13,1,
8,0,11,1,
-1,0,24,1,
-2,2,22,1,
-3,4,20,1,
-4,6,20,1,
-5,8,19,1,
-6,10,18,1,
-7,12,18,1,
-8,14,18,1,
1,8,13,1,
2,6,13,1,
3,10,15,1,
4,4,14,1,
5,12,14,1,
6,2,13,1,
7,14,13,1,
8,0,11,1,
-1,0,24,1,
-2,2,22,1,
-3,4,20,1,
-4,6,19,1,
-5,8,19,1,
-6,10,18,1,
-7,12,18,1,
-8,14,18,1,
1,8,13,1,
2,6,13,1,
3,10,15,1,
4,4,14,1,
5,12,14,1,
6,2,13,1,
7,14,13,1,
8,0,12,1,
-1,0,24,1,
-2,2,22,1,
-3,4,20,1,
-4,6,19,1,
-5,8,19,1,
-6,10,18,1,
-7,12,18,1,
-8,14,17,1,
1,8,13,1,
2,6,13,1,
3,10,15,1,
4,4,14,1,
5,12,14,1,
6,2,13,1,
7,14,13,1,
8,0,12,1,
-1,0,24,1,
-2,2,22,1,
-3,4,20,1,
-4,6,19,1,
-5,8,19,1,
-6,10,18,1,
-7,12,18,1,
-8,14,17,1,
1,8,13,1,
2,6,14,1,
3,10,15,1,
4,4,14,1,
5,12,14,1,
6,2,13,1,
7,14,13,1,
8,0,12,1,
-1,0,24,1,
-2,2,22,1,
-3,4,20,1,
-4,6,19,1,
-5,8,19,1,
-6,10,18,1,
-7,12,18,1,
-8,14,17,1,
1,8,13,1,
2,6,14,1,
3,10,15,1,
4,4,14,1,
5,12,14,1,
6,2,13,1,
7,14,13,1,
8,0,12,1,
-1,0,24,1,
-2,2,21,1,
-3,4,20,1,
-4,6,19,1,
-5,8,19,1,
-6,10,18,1,
-7,12,18,1,
-8,14,17,1,
1,8,13,1,
2,6,14,1,
3,10,15,1,
4,4,14,1,
5,12,14,1,
6,2,13,1,
7,14,13,1,
8,0,12,1,
-1,0,24,1,
-2,2,21,1,
-3,4,20,1,
-4,6,19,1,
-5,8,18,1,
-6,10,18,1,
-7,12,18,1,
-8,14,17,1,
1,8,13,1,
2,6,14,1,
3,10,15,1,
4,4,14,1,
5,12,15,1,
6,2,13,1,
7,14,13,1,
8,0,12,1,
-1,0,24,1,
-2,2,21,1,
-3,4,20,1,
-4,6,19,1,
-5,8,18,1,
-6,10,18,1,
-7,12,18,1,
-8,14,17,1,
1,8,13,1,
2,6,14,1,
3,10,15,1,
4,4,14,1,
5,12,15,1,
6,2,13,1,
7,14,14,1,
8,0,12,1,
-1,0,24,1,
-2,2,21,1,
-3,4,20,1,
-4,6,19,1,
-5,8,18,1,
-6,10,18,1,
-7,12,17,1,
-8,14,17,1,
1,8,13,1,
2,6,14,1,
3,10,15,1,
4,4,14,1,
5,12,15,1,
6,2,13,1,
7,14,14,1,
8,0,12,1,
-1,0,24,1,
-2,2,21,1,
-3,4,20,1,
-4,6,19,1,
-5,8,18,1,
-6,10,18,1,
-7,12,17,1,
-8,14,17,1,
1,8,13,1,
2,6,14,1,
3,10,15,1,
4,4,14,1,
5,12,15,1,
6,2,13,1,
7,14,14,1,
8,0,12,1,
-1,0,24,1,
-2,2,21,1,
-3,4,20,1,
-4,6,19,1,
-5,8,18,1,
-6,10,17,1,
-7,12,17,1,
-8,14,17,1,
1,8,13,1,
2,6,14,1,
3,10,15,1,
4,4,14,1,
5,12,15,1,
6,2,14,1,
7,14,14,1,
8,0,12,1,
-1,0,24,1,
-2,2,21,1,
-3,4,20,1,
-4,6,19,1,
-5,8,18,1,
-6,10,17,1,
-7,12,17,1,
-8,14,17,1,
1,8,14,1,
2,6,14,1,
3,10,15,1,
4,4,14,1,
5,12,15,1,
6,2,14,1,
7,14,14,1,
8,0,12,1,
-1,0,24,1,
-2,2,21,1,
-3,4,20,1,
-4,6,19,1,
-5,8,18,1,
-6,10,17,1,
-7,12,17,1,
-8,14,17,1,
1,8,14,1,
2,6,14,1,
3,10,16,1,
4,4,14,1,
5,12,15,1,
6,2,14,1,
7,14,14,1,
8,0,12,1,
-1,0,24,1,
-2,2,21,1,
-3,4,20,1,
-4,6,19,1,
-5,8,18,1,
-6,10,17,1,
-7,12,17,1,
-8,14,17,1,
1,8,14,1,
2,6,14,1,
3,10,16,1,
4,4,15,1,
5,12,15,1,
6,2,14,1,
7,14,14,1,
8,0,12,1,
-1,0,24,1,
-2,2,21,1,
-3,4,20,1,
-4,6,19,1,
-5,8,18,1,
-6,10,17,1,
-7,12,17,1,
-8,14,17,1,
1,8,14,1,
2,6,14,1,
3,10,16,1,
4,4,15,1,
5,12,15,1,
6,2,14,1,
7,14,14,1,
8,0,12,1,
-1,0,23,1,
-2,2,21,1,
-3,4,20,1,
-4,6,19,1,
-5,8,18,1,
-6,10,17,1,
-7,12,17,1,
-8,14,17,1,
1,8,14,1,
2,6,14,1,
3,10,16,1,
4,4,15,1,
5,12,15,1,
6,2,14,1,
7,14,14,1,
8,0,12,1,
-1,0,23,1,
-2,2,21,1,
-3,4,19,1,
-4,6,19,1,
-5,8,18,1,
-6,10,17,1,
-7,12,17,1,
-8,14,17,1,
1,8,14,1,
2,6,14,1,
3,10,16,1,
4,4,15,1,
5,12,15,1,
6,2,14,1,
7,14,14,1,
8,0,13,1,
-1,0,23,1,
-2,2,21,1,
-3,4,19,1,
-4,6,18,1,
-5,8,18,1,
-6,10,17,1,
-7,12,17,1,
-8,14,17,1,
1,8,14,1,
2,6,14,1,
3,10,16,1,
4,4,15,1,
5,12,15,1,
6,2,14,1,
7,14,14,1,
8,0,13,1,
-1,0,23,1,
-2,2,21,1,
-3,4,19,1,
-4,6,18,1,
-5,8,18,1,
-6,10,17,1,
-7,12,17,1,
-8,14,16,1,
1,8,14,1,
2,6,14,1,
3,10,16,1,
4,4,15,1,
5,12,15,1,
6,2,14,1,
7,14,14,1,
8,0,13,1,
-1,0,23,1,
-2,2,21,1,
-3,4,19,1,
-4,6,18,1,
-5,8,18,1,
-6,10,17,1,
-7,12,17,1,
-8,14,16,1,
1,8,14,1,
2,6,14,1,
3,10,16,1,
4,4,15,1,
5,12,15,1,
6,2,14,1,
7,14,14,1,
8,0,13,1,
-1,0,23,1,
-2,2,21,1,
-3,4,19,1,
-4,6,18,1,
-5,8,17,1,
-6,10,17,1,
-7,12,17,1,
-8,14,16,1,
1,8,14,1,
2,6,14,1,
3,10,16,1,
4,4,15,1,
5,12,16,1,
6,2,14,1,
7,14,14,1,
8,0,13,1,
-1,0,23,1,
-2,2,21,1,
-3,4,19,1,
-4,6,18,1,
-5,8,17,1,
-6,10,17,1,
-7,12,17,1,
-8,14,16,1,
1,8,14,1,
2,6,14,1,
3,10,16,1,
4,4,15,1,
5,12,16,1,
6,2,14,1,
7,14,15,1,
8,0,13,1,
-1,0,23,1,
-2,2,21,1,
-3,4,19,1,
-4,6,18,1,
-5,8,17,1,
-6,10,17,1,
-7,12,17,0,
-8,14,16,1,
1,8,14,1,
2,6,14,1,
3,10,16,1,
4,4,15,1,
5,12,16,1,
6,2,14,1,
7,14,15,1,
8,0,13,1,
-1,0,23,1,
-2,2,21,1,
-3,4,19,1,
-4,6,18,1,
-5,8,17,1,
-6,10,17,1,
-7,12,17,0,
-8,14,16,1,
1,8,14,1,
2,6,15,1,
3,10,16,1,
4,4,15,1,
5,12,16,1,
6,2,14,1,
7,14,15,1,
8,0,13,1,
-1,0,23,1,
-2,2,21,1,
-3,4,19,1,
-4,6,18,1,
-5,8,17,1,
-6,10,17,1,
-7,12,17,0,
-8,14,16,1,
1,8,14,1,
2,6,15,1,
3,10,16,1,
4,4,15,1,
5,12,16,1,
6,2,14,1,
7,14,15,1,
8,0,13,1,
-1,0,23,1,
-2,2,20,1,
-3,4,19,1,
-4,6,18,1,
-5,8,17,1,
-6,10,17,1,
-7,12,17,0,
-8,14,16,1,
1,8,14,1,
2,6,15,1,
3,10,16,1,
4,4,15,1,
5,12,16,1,
6,2,14,1,
7,14,15,1,
8,0,13,1,
-1,0,23,1,
-2,2,20,1,
-3,4,19,1,
-4,6,18,1,
-5,8,17,1,
-6,10,17,0,
-7,12,17,0,
-8,14,16,1,
1,8,14,1,
2,6,15,1,
3,10,16,1,
4,4,15,1,
5,12,16,1,
6,2,15,1,
7,14,15,1,
8,0,13,1,
-1,0,23,1,
-2,2,20,1,
-3,4,19,1,
-4,6,18,1,
-5,8,17,1,
-6,10,17,0,
-7,12,17,0,
-8,14,16,1,
1,8,14,1,
2,6,15,1,
3,10,16,1,
4,4,15,1,
5,12,16,1,
6,2,15,1,
7,14,15,0,
8,0,14,1,
-1,0,23,1,
-2,2,20,1,
-3,4,19,1,
-4,6,18,1,
-5,8,17,1,
-6,10,17,0,
-7,12,17,0,
-8,14,16,1,
1,8,14,1,
2,6,15,1,
3,10,16,1,
4,4,15,1,
5,12,16,1,
6,2,15,1,
7,14,15,0,
8,0,14,1,
-1,0,23,1,
-2,2,20,1,
-3,4,19,1,
-4,6,18,1,
-5,8,17,1,
-6,10,17,0,
-7,12,17,0,
-8,13,16,1,
1,8,14,1,
2,6,15,1,
3,10,16,1,
4,4,15,1,
5,12,16,1,
6,2,15,1,
7,14,15,0,
8,0,14,1,
-1,0,23,1,
-2,2,20,1,
-3,4,19,1,
-4,6,18,1,
-5,8,17,1,
-6,10,17,0,
-7,12,17,0,
-8,13,16,1,
1,8,14,1,
2,6,15,1,
3,10,16,1,
4,4,16,1,
5,12,16,1,
6,2,15,1,
7,14,15,0,
8,0,14,1,
-1,0,23,1,
-2,2,20,1,
-3,4,19,1,
-4,6,18,1,
-5,8,17,1,
-6,10,17,0,
-7,12,17,0,
-8,13,16,1,
1,8,14,1,
2,6,15,1,
3,10,16,1,
4,4,16,1,
5,12,16,1,
6,2,15,1,
7,14,15,0,
8,0,14,1,
-1,0,23,1,
-2,2,20,1,
-3,4,19,1,
-4,6,17,1,
-5,8,17,1,
-6,10,17,0,
-7,12,17,0,
-8,13,16,1,
1,8,14,1,
2,6,15,1,
3,10,17,1,
4,4,16,1,
5,12,16,1,
6,2,15,1,
7,14,15,0,
8,0,14,1,
-1,0,23,1,
-2,2,20,1,
-3,4,19,1,
-4,6,17,1,
-5,8,17,1,
-6,10,17,0,
-7,12,17,0,
-8,13,16,1,
1,8,14,1,
2,6,15,1,
3,10,17,1,
4,4,16,1,
5,12,16,1,
6,2,15,1,
7,14,15,0,
8,0,14,1,
-1,0,23,1,
-2,2,20,1,
-3,4,18,1,
-4,6,17,1,
-5,8,17,1,
-6,10,17,0,
-7,12,17,0,
-8,13,16,1,
1,8,14,1,
2,6,15,1,
3,10,17,1,
4,4,16,1,
5,12,16,1,
6,2,15,1,
7,14,15,0,
8,0,14,1,
-1,0,23,1,
-2,2,20,1,
-3,4,18,1,
-4,6,17,1,
-5,9,17,1,
-6,10,17,0,
-7,12,17,0,
-8,13,16,1,
1,8,14,1,
2,6,15,1,
3,10,17,1,
4,4,16,1,
5,12,16,1,
6,2,15,1,
7,14,15,0,
8,0,14,1,
-1,0,23,1,
-2,2,20,1,
-3,4,18,1,
-4,6,17,1,
-5,9,17,1,
-6,10,17,0,
-7,12,17,0,
-8,13,16,0,
1,8,14,1,
2,6,15,1,
3,10,17,1,
4,4,16,1,
5,12,17,1,
6,2,15,1,
7,14,15,0,
8,0,14,1,
-1,0,23,1,
-2,2,20,1,
-3,4,18,1,
-4,6,17,1,
-5,9,17,1,
-6,10,17,0,
-7,12,17,0,
-8,13,16,0,
1,8,14,1,
2,6,15,1,
3,10,17,1,
4,4,16,1,
5,12,17,1,
6,2,16,1,
7,14,15,0,
8,0,14,1,
-1,0,23,1,
-2,2,20,1,
-3,4,18,1,
-4,6,17,1,
-5,9,17,1,
-6,10,17,0,
-7,12,17,0,
-8,13,16,0,
1,8,14,1,
2,6,15,1,
3,10,17,1,
4,4,16,1,
5,12,17,1,
6,2,16,1,
7,14,15,0,
8,0,15,1,
-1,0,23,1,
-2,2,20,1,
-3,4,18,1,
-4,6,17,1,
-5,9,17,1,
-6,10,17,0,
-7,12,17,0,
-8,13,16,0,
1,8,15,1,
2,6,16,1,
3,10,17,1,
4,4,16,1,
5,12,17,1,
6,2,16,1,
7,14,15,0,
8,0,15,1,
-1,0,23,1,
-2,2,20,1,
-3,4,18,1,
-4,6,17,1,
-5,9,17,1,
-6,10,17,0,
-7,12,17,0,
-8,13,16,0,
1,8,15,1,
2,6,16,1,
3,10,17,1,
4,4,16,1,
5,12,17,1,
6,2,16,1,
7,14,15,0,
8,0,15,1,
-1,0,23,1,
-2,2,19,1,
-3,4,18,1,
-4,6,17,1,
-5,9,17,1,
-6,10,17,0,
-7,12,17,0,
-8,13,16,0,
1,8,15,1,
2,6,16,1,
3,10,17,1,
4,4,16,1,
5,12,17,1,
6,2,16,1,
7,14,15,0,
8,0,15,1,
-1,0,23,1,
-2,2,19,1,
-3,4,18,1,
-4,6,17,1,
-5,9,17,1,
-6,10,17,0,
-7,12,17,0,
-8,13,16,0,
1,8,15,1,
2,6,16,1,
3,10,17,1,
4,4,17,1,
5,12,17,1,
6,2,16,1,
7,14,15,0,
8,0,15,1,
-1,0,22,1,
-2,2,19,1,
-3,4,18,1,
-4,6,17,1,
-5,9,17,1,
-6,10,17,0,
-7,12,17,0,
-8,13,16,0,
1,8,15,1,
2,6,16,1,
3,10,17,1,
4,4,17,1,
5,12,17,1,
6,2,16,1,
7,14,15,0,
8,0,15,1,
-1,0,22,1,
-2,2,19,1,
-3,4,18,1,
-4,6,17,1,
-5,9,17,1,
-6,10,17,0,
-7,12,17,0,
-8,13,16,0,
1,8,15,1,
2,6,16,1,
3,10,17,1,
4,4,17,1,
5,12,17,1,
6,2,16,1,
7,14,15,0,
8,0,15,1,
-1,0,22,1,
-2,2,19,1,
-3,4,18,1,
-4,6,17,0,
-5,9,17,1,
-6,10,17,0,
-7,12,17,0,
-8,13,16,0,
1,8,15,1,
2,6,16,1,
3,10,17,1,
4,4,17,1,
5,12,17,1,
6,2,16,1,
7,14,15,0,
8,0,15,1,
-1,0,22,1,
-2,2,19,1,
-3,4,18,1,
-4,6,17,0,
-5,9,17,0,
-6,10,17,0,
-7,12,17,0,
-8,13,16,0,
1,8,15,1,
2,6,16,1,
3,10,17,1,
4,4,17,1,
5,12,18,1,
6,2,16,1,
7,14,15,0,
8,0,15,1,
-1,0,22,1,
-2,2,19,1,
-3,4,18,1,
-4,6,17,0,
-5,9,17,0,
-6,10,17,0,
-7,12,17,0,
-8,13,16,0,
1,8,15,1,
2,6,16,1,
3,10,18,1,
4,4,17,1,
5,12,18,1,
6,2,16,1,
7,14,15,0,
8,0,15,1,
-1,0,22,1,
-2,2,19,1,
-3,4,18,1,
-4,6,17,0,
-5,9,17,0,
-6,10,17,0,
-7,12,17,0,
-8,13,16,0,
1,8,15,1,
2,6,16,1,
3,10,18,1,
4,4,17,0,
5,12,18,1,
6,2,16,1,
7,14,15,0,
8,0,15,1,
-1,0,22,1,
-2,2,19,1,
-3,4,18,1,
-4,6,17,0,
-5,9,17,0,
-6,10,17,0,
-7,12,17,0,
-8,13,16,0,
1,8,15,1,
2,6,16,1,
3,10,18,1,
4,4,17,0,
5,12,18,1,
6,2,16,1,
7,14,15,0,
8,0,15,1,
-1,0,22,1,
-2,2,19,1,
-3,4,17,1,
-4,6,17,0,
-5,9,17,0,
-6,10,17,0,
-7,12,17,0,
-8,13,16,0,
1,8,15,1,
2,6,16,1,
3,10,18,1,
4,4,17,0,
5,12,18,1,
6,2,17,1,
7,14,15,0,
8,0,15,1,
-1,0,22,1,
-2,2,19,1,
-3,4,17,1,
-4,6,17,0,
-5,9,17,0,
-6,10,17,0,
-7,12,17,0,
-8,13,16,0,
1,8,15,1,
2,6,16,1,
3,10,18,1,
4,4,17,0,
5,12,18,1,
6,2,17,1,
7,14,15,0,
8,0,16,1,
-1,0,22,1,
-2,2,19,1,
-3,4,17,1,
-4,6,17,0,
-5,9,17,0,
-6,10,17,0,
-7,12,17,0,
-8,13,16,0,
1,8,15,1,
2,6,16,1,
3,10,18,1,
4,4,17,0,
5,12,17,1,
6,2,17,1,
7,14,15,0,
8,0,16,1,
-1,0,22,1,
-2,2,19,1,
-3,4,17,1,
-4,6,17,0,
-5,9,17,0,
-6,10,17,0,
-7,12,17,0,
-8,13,16,0,
1,8,15,1,
2,6,17,1,
3,10,17,1,
4,4,17,0,
5,12,17,1,
6,2,17,1,
7,14,15,0,
8,0,16,1,
-1,0,22,1,
-2,2,19,1,
-3,4,17,1,
-4,6,17,0,
-5,9,17,0,
-6,10,17,0,
-7,12,17,0,
-8,13,16,0,
1,8,15,1,
2,6,17,1,
3,10,17,1,
4,4,17,0,
5,12,17,1,
6,2,17,1,
7,14,15,0,
8,0,16,1,
-1,0,22,1,
-2,2,18,1,
-3,4,17,1,
-4,6,17,0,
-5,9,17,0,
-6,10,17,0,
-7,12,17,0,
-8,13,16,0,
1,8,15,1,
2,6,17,1,
3,10,17,1,
4,4,17,0,
5,12,17,1,
6,2,17,0,
7,14,15,0,
8,0,16,1,
-1,0,22,1,
-2,2,18,1,
-3,4,17,1,
-4,6,17,0,
-5,9,17,0,
-6,10,17,0,
-7,12,17,0,
-8,13,16,0,
1,8,15,1,
2,6,17,1,
3,10,17,1,
4,4,17,0,
5,12,17,1,
6,2,17,0,
7,14,15,0,
8,0,16,1,
-1,0,22,1,
-2,2,18,1,
-3,4,17,1,
-4,6,17,0,
-5,9,17,0,
-6,10,17,0,
-7,12,17,0,
-8,13,16,0,
1,8,15,1,
2,6,17,1,
3,10,17,1,
4,4,17,0,
5,12,17,1,
6,2,17,0,
7,14,15,0,
8,0,16,1,
-1,0,22,1,
-2,2,18,1,
-3,5,17,1,
-4,6,17,0,
-5,9,17,0,
-6,10,17,0,
-7,12,17,0,
-8,13,16,0,
1,8,15,1,
2,6,17,1,
3,10,17,1,
4,4,17,0,
5,12,17,1,
6,2,17,0,
7,14,15,0,
8,0,17,1,
-1,0,22,1,
-2,2,18,1,
-3,5,17,1,
-4,6,17,0,
-5,9,17,0,
-6,10,17,0,
-7,12,17,0,
-8,13,16,0,
1,8,16,1,
2,6,17,1,
3,10,17,1,
4,4,17,0,
5,12,17,1,
6,2,17,0,
7,14,15,0,
8,0,17,1,
-1,0,22,1,
-2,2,18,1,
-3,5,17,1,
-4,6,17,0,
-5,9,17,0,
-6,10,17,0,
-7,12,17,0,
-8,13,16,0,
1,8,16,1,
2,6,17,1,
3,10,17,1,
4,4,17,0,
5,12,17,1,
6,2,17,0,
7,14,15,0,
8,0,17,1,
-1,0,21,1,
-2,2,18,1,
-3,5,17,1,
-4,6,17,0,
-5,9,17,0,
-6,10,17,0,
-7,12,17,0,
-8,13,16,0,
1,8,16,1,
2,6,17,1,
3,10,17,1,
4,4,17,0,
5,11,17,1,
6,2,17,0,
7,14,15,0,
8,0,17,1,
-1,0,21,1,
-2,2,18,1,
-3,5,17,1,
-4,6,17,0,
-5,9,17,0,
-6,10,17,0,
-7,12,17,0,
-8,13,16,0,
1,8,16,1,
2,6,17,1,
3,10,17,1,
4,4,17,0,
5,11,17,1,
6,2,17,0,
7,14,15,0,
8,0,18,1,
-1,0,21,1,
-2,2,18,1,
-3,5,17,1,
-4,6,17,0,
-5,9,17,0,
-6,10,17,0,
-7,12,17,0,
-8,13,16,0,
1,8,16,1,
2,6,17,1,
3,9,17,1,
4,4,17,0,
5,11,17,1,
6,2,17,0,
7,14,15,0,
8,0,18,1,
-1,0,21,1,
-2,2,18,1,
-3,5,17,1,
-4,6,17,0,
-5,9,17,0,
-6,10,17,0,
-7,12,17,0,
-8,13,16,0,
1,8,16,1,
2,6,17,0,
3,9,17,1,
4,4,17,0,
5,11,17,1,
6,2,17,0,
7,14,15,0,
8,0,18,1,
-1,0,21,1,
-2,2,18,1,
-3,5,17,1,
-4,6,17,0,
-5,9,17,0,
-6,10,17,0,
-7,12,17,0,
-8,13,16,0,
1,8,16,1,
2,6,17,0,
3,9,17,1,
4,4,17,0,
5,11,17,1,
6,2,17,0,
7,14,15,0,
8,0,18,1,
-1,0,21,1,
-2,2,18,1,
-3,6,17,1,
-4,6,17,0,
-5,9,17,0,
-6,10,17,0,
-7,12,17,0,
-8,13,16,0,
1,8,16,1,
2,6,17,0,
3,9,17,1,
4,4,17,0,
5,11,17,1,
6,2,17,0,
7,14,15,0,
8,0,18,1,
-1,0,21,1,
-2,1,18,1,
-3,6,17,1,
-4,6,17,0,
-5,9,17,0,
-6,10,17,0,
-7,12,17,0,
-8,13,16,0,
1,8,16,1,
2,6,17,0,
3,9,17,1,
4,4,17,0,
5,10,17,1,
6,2,17,0,
7,14,15,0,
8,0,18,1,
-1,0,21,1,
-2,1,18,1,
-3,6,17,1,
-4,6,17,0,
-5,9,17,0,
-6,10,17,0,
-7,12,17,0,
-8,13,16,0,
1,8,16,1,
2,6,17,0,
3,9,17,1,
4,4,17,0,
5,10,17,1,
6,2,17,0,
7,14,15,0,
8,0,18,0,
-1,0,21,1,
-2,1,18,1,
-3,6,17,1,
-4,6,17,0,
-5,9,17,0,
-6,10,17,0,
-7,12,17,0,
-8,13,16,0,
1,8,16,1,
2,6,17,0,
3,8,17,1,
4,4,17,0,
5,10,17,1,
6,2,17,0,
7,14,15,0,
8,0,18,0,
-1,0,21,1,
-2,1,18,1,
-3,6,17,1,
-4,6,17,0,
-5,9,17,0,
-6,10,17,0,
-7,12,17,0,
-8,13,16,0,
1,8,16,1,
2,6,17,0,
3,8,17,1,
4,4,17,0,
5,10,17,1,
6,2,17,0,
7,14,15,0,
8,0,18,0,
-1,0,21,1,
-2,1,18,1,
-3,7,17,1,
-4,6,17,0,
-5,9,17,0,
-6,10,17,0,
-7,12,17,0,
-8,13,16,0,
1,8,16,1,
2,6,17,0,
3,8,17,1,
4,4,17,0,
5,9,17,1,
6,2,17,0,
7,14,15,0,
8,0,18,0,
-1,0,21,1,
-2,1,18,1,
-3,7,17,1,
-4,6,17,0,
-5,9,17,0,
-6,10,17,0,
-7,12,17,0,
-8,13,16,0,
1,8,16,1,
2,6,17,0,
3,8,17,1,
4,4,17,0,
5,9,17,1,
6,2,17,0,
7,14,15,0,
8,0,18,0,
-1,0,21,1,
-2,1,18,1,
-3,7,17,0,
-4,6,17,0,
-5,9,17,0,
-6,10,17,0,
-7,12,17,0,
-8,13,16,0,
1,7,16,1,
2,6,17,0,
3,8,17,1,
4,4,17,0,
5,9,17,1,
6,2,17,0,
7,14,15,0,
8,0,18,0,
-1,0,21,1,
-2,1,18,1,
-3,7,17,0,
-4,6,17,0,
-5,9,17,0,
-6,10,17,0,
-7,12,17,0,
-8,13,16,0,
1,7,16,1,
2,6,17,0,
3,8,17,1,
4,4,17,0,
5,9,17,1,
6,2,17,0,
7,14,15,0,
8,0,18,0,
-1,0,21,1,
-2,1,17,1,
-3,7,17,0,
-4,6,17,0,
-5,9,17,0,
-6,10,17,0,
-7,12,17,0,
-8,13,16,0,
1,7,16,1,
2,6,17,0,
3,8,17,1,
4,4,17,0,
5,9,17,1,
6,2,17,0,
7,14,15,0,
8,0,18,0,
-1,0,20,1,
-2,1,17,1,
-3,7,17,0,
-4,6,17,0,
-5,9,17,0,
-6,10,17,0,
-7,12,17,0,
-8,13,16,0,
1,7,16,1,
2,6,17,0,
3,7,17,1,
4,4,17,0,
5,9,17,1,
6,2,17,0,
7,14,15,0,
8,0,18,0,
-1,0,20,1,
-2,1,17,1,
-3,7,17,0,
-4,6,17,0,
-5,9,17,0,
-6,10,17,0,
-7,12,17,0,
-8,13,16,0,
1,7,16,1,
2,6,17,0,
3,7,17,1,
4,4,17,0,
5,8,17,1,
6,2,17,0,
7,14,15,0,
8,0,18,0,
-1,0,20,1,
-2,1,17,1,
-3,7,17,0,
-4,6,17,0,
-5,9,17,0,
-6,10,17,0,
-7,12,17,0,
-8,13,16,0,
1,7,16,1,
2,6,17,0,
3,7,17,1,
4,4,17,0,
5,8,17,1,
6,2,17,0,
7,14,15,0,
8,0,18,0,
-1,0,20,1,
-2,2,17,1,
-3,7,17,0,
-4,6,17,0,
-5,9,17,0,
-6,10,17,0,
-7,12,17,0,
-8,13,16,0,
1,7,16,1,
2,6,17,0,
3,6,17,1,
4,4,17,0,
5,8,17,1,
6,2,17,0,
7,14,15,0,
8,0,18,0,
-1,0,20,1,
-2,2,17,1,
-3,7,17,0,
-4,6,17,0,
-5,9,17,0,
-6,10,17,0,
-7,12,17,0,
-8,13,16,0,
1,7,17,1,
2,6,17,0,
3,6,17,1,
4,4,17,0,
5,8,17,1,
6,2,17,0,
7,14,15,0,
8,0,18,0,
-1,0,20,1,
-2,2,17,1,
-3,7,17,0,
-4,6,17,0,
-5,9,17,0,
-6,10,17,0,
-7,12,17,0,
-8,13,16,0,
1,7,17,1,
2,6,17,0,
3,6,17,1,
4,4,17,0,
5,8,17,1,
6,2,17,0,
7,14,15,0,
8,0,18,0,
-1,0,19,1,
-2,2,17,1,
-3,7,17,0,
-4,6,17,0,
-5,9,17,0,
-6,10,17,0,
-7,12,17,0,
-8,13,16,0,
1,7,17,1,
2,6,17,0,
3,6,17,1,
4,4,17,0,
5,8,17,1,
6,2,17,0,
7,14,15,0,
8,0,18,0,
-1,0,19,1,
-2,3,17,1,
-3,7,17,0,
-4,6,17,0,
-5,9,17,0,
-6,10,17,0,
-7,12,17,0,
-8,13,16,0,
1,7,17,1,
2,6,17,0,
3,5,17,1,
4,4,17,0,
5,8,17,1,
6,2,17,0,
7,14,15,0,
8,0,18,0,
-1,0,19,1,
-2,3,17,1,
-3,7,17,0,
-4,6,17,0,
-5,9,17,0,
-6,10,17,0,
-7,12,17,0,
-8,13,16,0,
1,6,17,1,
2,6,17,0,
3,5,17,1,
4,4,17,0,
5,8,17,1,
6,2,17,0,
7,14,15,0,
8,0,18,0,
-1,0,19,1,
-2,3,17,1,
-3,7,17,0,
-4,6,17,0,
-5,9,17,0,
-6,10,17,0,
-7,12,17,0,
-8,13,16,0,
1,6,17,1,
2,6,17,0,
3,5,17,1,
4,4,17,0,
5,8,17,1,
6,2,17,0,
7,14,15,0,
8,0,18,0,
-1,0,19,1,
-2,4,17,1,
-3,7,17,0,
-4,6,17,0,
-5,9,17,0,
-6,10,17,0,
-7,12,17,0,
-8,13,16,0,
1,6,17,1,
2,6,17,0,
3,5,17,0,
4,4,17,0,
5,8,17,1,
6,2,17,0,
7,14,15,0,
8,0,18,0,
-1,0,19,1,
-2,4,17,1,
-3,7,17,0,
-4,6,17,0,
-5,9,17,0,
-6,10,17,0,
-7,12,17,0,
-8,13,16,0,
1,6,17,1,
2,6,17,0,
3,5,17,0,
4,4,17,0,
5,8,17,1,
6,2,17,0,
7,14,15,0,
8,0,18,0,
-1,0,18,1,
-2,4,17,1,
-3,7,17,0,
-4,6,17,0,
-5,9,17,0,
-6,10,17,0,
-7,12,17,0,
-8,13,16,0,
1,6,17,1,
2,6,17,0,
3,5,17,0,
4,4,17,0,
5,7,17,1,
6,2,17,0,
7,14,15,0,
8,0,18,0,
-1,0,18,1,
-2,4,17,1,
-3,7,17,0,
-4,6,17,0,
-5,9,17,0,
-6,10,17,0,
-7,12,17,0,
-8,13,16,0,
1,6,17,1,
2,6,17,0,
3,5,17,0,
4,4,17,0,
5,7,17,1,
6,2,17,0,
7,14,15,0,
8,0,18,0,
-1,0,18,1,
-2,5,17,1,
-3,7,17,0,
-4,6,17,0,
-5,9,17,0,
-6,10,17,0,
-7,12,17,0,
-8,13,16,0,
1,6,17,1,
2,6,17,0,
3,5,17,0,
4,4,17,0,
5,7,17,1,
6,2,17,0,
7,14,15,0,
8,0,18,0,
-1,0,18,1,
-2,5,17,0,
-3,7,17,0,
-4,6,17,0,
-5,9,17,0,
-6,10,17,0,
-7,12,17,0,
-8,13,16,0,
1,6,18,1,
2,6,17,0,
3,5,17,0,
4,4,17,0,
5,7,17,1,
6,2,17,0,
7,14,15,0,
8,0,18,0,
-1,0,18,1,
-2,5,17,0,
-3,7,17,0,
-4,6,17,0,
-5,9,17,0,
-6,10,17,0,
-7,12,17,0,
-8,13,16,0,
1,6,18,1,
2,6,17,0,
3,5,17,0,
4,4,17,0,
5,7,17,1,
6,2,17,0,
7,14,15,0,
8,0,18,0,
-1,1,18,1,
-2,5,17,0,
-3,7,17,0,
-4,6,17,0,
-5,9,17,0,
-6,10,17,0,
-7,12,17,0,
-8,13,16,0,
1,6,18,1,
2,6,17,0,
3,5,17,0,
4,4,17,0,
5,7,18,1,
6,2,17,0,
7,14,15,0,
8,0,18,0,
-1,1,18,1,
-2,5,17,0,
-3,7,17,0,
-4,6,17,0,
-5,9,17,0,
-6,10,17,0,
-7,12,17,0,
-8,13,16,0,
1,5,18,1,
2,6,17,0,
3,5,17,0,
4,4,17,0,
5,7,18,1,
6,2,17,0,
7,14,15,0,
8,0,18,0,
-1,1,18,1,
-2,5,17,0,
-3,7,17,0,
-4,6,17,0,
-5,9,17,0,
-6,10,17,0,
-7,12,17,0,
-8,13,16,0,
1,5,18,1,
2,6,17,0,
3,5,17,0,
4,4,17,0,
5,7,18,1,
6,2,17,0,
7,14,15,0,
8,0,18,0,
-1,2,18,1,
-2,5,17,0,
-3,7,17,0,
-4,6,17,0,
-5,9,17,0,
-6,10,17,0,
-7,12,17,0,
-8,13,16,0,
1,5,18,1,
2,6,17,0,
3,5,17,0,
4,4,17,0,
5,6,18,1,
6,2,17,0,
7,14,15,0,
8,0,18,0,
-1,2,18,1,
-2,5,17,0,
-3,7,17,0,
-4,6,17,0,
-5,9,17,0,
-6,10,17,0,
-7,12,17,0,
-8,13,16,0,
1,4,18,1,
2,6,17,0,
3,5,17,0,
4,4,17,0,
5,6,18,1,
6,2,17,0,
7,14,15,0,
8,0,18,0,
-1,2,18,1,
-2,5,17,0,
-3,7,17,0,
-4,6,17,0,
-5,9,17,0,
-6,10,17,0,
-7,12,17,0,
-8,13,16,0,
1,4,18,1,
2,6,17,0,
3,5,17,0,
4,4,17,0,
5,6,18,1,
6,2,17,0,
7,14,15,0,
8,0,18,0,
-1,3,18,1,
-2,5,17,0,
-3,7,17,0,
-4,6,17,0,
-5,9,17,0,
-6,10,17,0,
-7,12,17,0,
-8,13,16,0,
1,4,18,1,
2,6,17,0,
3,5,17,0,
4,4,17,0,
5,5,18,1,
6,2,17,0,
7,14,15,0,
8,0,18,0,
-1,3,18,1,
-2,5,17,0,
-3,7,17,0,
-4,6,17,0,
-5,9,17,0,
-6,10,17,0,
-7,12,17,0,
-8,13,16,0,
1,4,18,1,
2,6,17,0,
3,5,17,0,
4,4,17,0,
5,5,18,1,
6,2,17,0,
7,14,15,0,
8,0,18,0,
-1,3,18,0,
-2,5,17,0,
-3,7,17,0,
-4,6,17,0,
-5,9,17,0,
-6,10,17,0,
-7,12,17,0,
-8,13,16,0,
