3
1508 816
1605 626
1790 600
1716 556
1543 780
1548 751
1550 750
1559 746
1559 746
1559 746
1559 746
1559 746
1559 746
1559 746
1559 746
1559 746
1559 746
1749 576
1566 739
1503 759
1503 759
1503 759
1503 759
1503 759
1503 759
1503 759
1503 759
1718 573
1718 573
1718 573
1923 753
1923 753
1923 753
1923 753
1923 753
1923 753
1923 753
1923 753
1923 753
1923 753
2092 600
2092 600
2092 600
2092 600
2116 606
2116 606
2116 606
2116 606
2116 606
2116 606
2116 606
2116 606
2116 606
2132 612
2136 613
2136 613
2136 613
2136 613
2136 613
2136 613
2136 613
2136 613
2136 613
2136 613
2136 613
2136 613
2121 533
2510 588
2510 588
2510 588
