1 130 10 190 10
1 190 10 250 10
1 250 10 310 10
1 310 10 370 10
1 370 10 370 70
1 370 70 370 130
100 1
2 70 70 130 70
2 130 70 190 70
2 190 70 250 70
2 250 70 310 70
2 310 70 370 70
2 370 70 430 70
100 2
3 70 130 130 130
3 130 130 190 130
3 190 130 250 130
3 250 130 310 130
3 310 130 370 130
100 3
4 70 190 130 190
4 130 190 190 190
4 190 190 250 190
100 8
4 250 190 310 190
4 310 190 370 190
100 9
4 370 190 430 190
4 430 190 490 190
4 490 190 550 190
4 550 190 550 130
4 550 130 550 70
100 10
100 11
4 550 70 490 70
4 490 70 430 70
100 12
4 430 70 430 130
4 430 130 430 190
100 13
4 430 190 430 250
4 430 250 490 250
4 490 250 490 310
100 4
5 70 250 130 250
5 130 250 190 250
5 190 250 250 250
5 250 250 310 250
5 310 250 370 250
5 370 250 430 250
5 430 250 490 250
5 490 250 490 310
100 14
5 490 310 550 310
5 550 310 550 370
100 5
6 70 310 130 310
6 130 310 190 310
6 190 310 250 310
6 250 310 310 310
6 310 310 370 310
6 370 310 430 310
6 430 310 490 310
6 490 310 550 310
100 15
6 550 310 550 370
101 
