Goblin2 550 90 490 90
Hu7 70 390 130 390
Hu5 190 270 250 270
Hu6 130 330 190 330
Hu4 250 210 310 210
Goblin4 550 210 490 210
Goblin5 610 270 550 270
Hu2 130 90 190 90
Hu1 60 30 120 30
Hu3 190 150 250 150
Goblin3 610 150 550 150
Goblin6 550 330 490 330
Scorpion 730 150 670 150
Snake 730 270 670 270
Grandpa 10 210 70 210
Goblin7 610 390 550 390
Goblin1 600 30 540 30
Snake 670 270 610 270
Hu2 190 90 250 90
Goblin2 490 90 430 90
Hu4 310 210 370 210
Scorpion 670 150 610 150
Goblin5 550 270 490 270
Hu5 250 270 310 270
Hu7 130 390 190 390
Grandpa 70 210 130 210
Goblin6 490 330 430 330
Goblin3 550 150 490 150
Goblin7 550 390 490 390
Goblin1 540 30 480 30
Hu6 190 330 250 330
Hu3 250 150 310 150
Hu1 120 30 180 30
Goblin4 490 210 430 210
Goblin5 490 270 430 270
Goblin6 430 330 370 330
Hu7 190 390 250 390
Snake 610 270 550 270
Hu2 250 90 310 90
Scorpion 610 150 550 150
Hu5 310 270 370 270
Goblin2 430 90 370 90
Goblin1 480 30 420 30
Hu4-dead 370 210
Goblin4 430 210 370 210
Goblin3 490 150 430 150
Goblin7 490 390 430 390
Hu3 310 150 370 150
Hu1 180 30 240 30
Grandpa 130 210 190 210
Hu6 250 330 310 330
Hu5-dead 370 270
Goblin5 430 270 370 270
Hu7 250 390 310 390
Goblin2-dead 370 90
Hu2 310 90 370 90
Snake 550 270 490 270
Goblin4 370 210 310 210
Goblin6-dead 370 330
Scorpion 550 150 490 150
Goblin1 420 30 360 30
Goblin7 430 390 370 390
Goblin3-dead 430 150
Hu3 370 150 430 150
Grandpa 190 210 250 210
Hu1 240 30 300 30
Goblin5 370 270 310 270
Hu6 310 330 370 330
Snake 490 270 430 270
Scorpion-dead 490 150
Grandpa-dead 250 210
Goblin4 310 210 250 210
Goblin7-dead 370 390
Hu7 310 390 370 390
Hu2 370 90 430 90
Goblin1-dead 360 30
Hu1 300 30 360 30
Hu3 430 150 490 150
Snake 430 270 370 270
Goblin5 310 270 250 270
Hu6 370 330 430 330
Hu7 370 390 430 390
Goblin4 250 210 190 210
Hu2 430 90 490 90
Goblin5 250 270 190 270
Hu7 430 390 490 390
Hu3 490 150 550 150
Hu6 430 330 490 330
Hu1 360 30 420 30
Snake 370 270 310 270
Goblin4 190 210 130 210
Hu2 490 90 550 90
Hu3 550 150 610 150
Hu6 490 330 550 330
Hu1 420 30 480 30
Hu7 490 390 550 390
Snake 310 270 250 270
Goblin5 190 270 130 270
Hu2 550 90 610 90
Goblin4 130 210 70 210
Hu3 610 150 670 150
Hu7 550 390 610 390
Hu1 480 30 540 30
Goblin5 130 270 70 270
Goblin4 70 210 10 210
Hu6 550 330 610 330
Snake 250 270 190 270
Hu2 610 90 670 90
Goblin5 70 270 10 270
Goblin4 10 210 70 210
Goblin4 70 210 130 210
Hu6 610 330 670 330
Hu1 540 30 600 30
Hu7 610 390 670 390
Snake 190 270 130 270
Hu3 670 150 730 150
Hu2 670 90 730 90
Hu1 600 30 660 30
Hu6 670 330 730 330
Snake 130 270 70 270
Goblin4 130 210 190 210
Goblin5 10 270 70 270
Goblin5 70 270 130 270
Hu7 670 390 730 390
Hu3 730 150 790 150
Hu2 730 90 790 90
Hu6 730 330 790 330
Hu1 660 30 720 30
Hu7 730 390 790 390
Goblin4 190 210 250 210
Snake 70 270 10 270
Hu2 790 90 850 90
Goblin5 130 270 190 270
Hu3 790 150 850 150
Hu6 790 330 850 330
Hu7 790 390 850 390
Hu1 720 30 780 30
Goblin5 190 270 250 270
Goblin4 250 210 310 210
Snake 10 270 70 270
Snake 70 270 130 270
Hu2 850 90 790 90
Hu3 850 150 790 150
Hu7 850 390 790 390
Hu6 850 330 790 330
Hu1 780 30 840 30
Goblin5 250 270 310 270
Goblin4 310 210 370 210
Hu2 790 90 730 90
Snake 130 270 190 270
Hu7 790 390 730 390
Hu6 790 330 730 330
Goblin5 310 270 370 270
Hu1 840 30 900 30
Hu3 790 150 730 150
Goblin4 370 210 430 210
Hu2 730 90 670 90
Hu7 730 390 670 390
Goblin5 370 270 430 270
Hu1 900 30 840 30
Snake 190 270 250 270
Hu6 730 330 670 330
Hu3 730 150 670 150
Hu2 670 90 610 90
Goblin4 430 210 490 210
Goblin5 430 270 490 270
Hu7 670 390 610 390
Snake 250 270 310 270
Hu1 840 30 780 30
Hu6 670 330 610 330
Hu3 670 150 610 150
Goblin5 490 270 550 270
Hu2 610 90 550 90
Snake 310 270 370 270
Goblin4 490 210 550 210
Hu7 610 390 550 390
Hu6 610 330 550 330
Hu1 780 30 720 30
Hu3 610 150 550 150
Goblin5 550 270 610 270
Goblin4 550 210 610 210
Snake 370 270 430 270
Hu2 550 90 490 90
Hu7 550 390 490 390
Hu1 720 30 660 30
Hu3 550 150 490 150
Hu6 550 330 490 330
Goblin4 610 210 670 210
Goblin5 610 270 670 270
Snake 430 270 490 270
Hu2 490 90 430 90
Hu1 660 30 600 30
Hu3 490 150 430 150
Hu6 490 330 430 330
Hu7 490 390 490 330
Goblin4 670 210 730 210
Goblin5 670 270 730 270
Hu1 600 30 600 90
Hu2 430 90 430 30
Snake 490 270 550 270
Hu6 430 330 430 270
Hu3 430 150 370 150
Goblin4 730 210 790 210
Hu7 490 330 430 330
Goblin5 730 270 790 270
Hu1 600 90 540 90
Snake 550 270 610 270
Goblin4 790 210 850 210
Hu6 430 270 370 270
Hu2 430 30 370 30
Hu3 370 150 370 210
Hu7 430 330 370 330
Goblin5 790 270 850 270
Hu1 540 90 480 90
Hu2 370 30 310 30
Hu6 370 270 310 270
Goblin4 850 210 790 210
Snake 610 270 670 270
Hu3 370 210 310 210
Hu7 370 330 310 330
Goblin5 850 270 790 270
Hu1 480 90 420 90
Hu2 310 30 250 30
Hu6 310 270 250 270
Goblin4 790 210 730 210
Snake 670 270 730 270
Hu3 310 210 250 210
Hu2 250 30 190 30
Goblin5 790 270 730 270
Hu1 420 90 360 90
Hu7 310 330 250 330
Hu6 250 270 190 270
Hu3 250 210 190 210
Goblin4 730 210 670 210
Hu2 190 30 130 30
Goblin5 730 270 670 270
Snake 730 270 790 270
Hu7 250 330 190 330
Hu1 360 90 300 90
Snake 790 270 850 270
Hu3 190 210 130 210
Hu6 190 270 130 270
Hu2 130 30 70 30
Hu7 190 330 130 330
Goblin5 670 270 610 270
Goblin4 670 210 610 210
Hu1 300 90 240 90
Hu3 130 210 70 210
Hu6 130 270 70 270
Goblin5 610 270 550 270
Snake 850 270 790 270
Hu1 240 90 180 90
Hu7 130 330 70 330
Goblin4 610 210 550 210
Hu2 70 30 10 30
Hu3 70 210 10 210
Goblin5 550 270 490 270
Hu6 70 270 10 270
Snake 790 270 730 270
Hu1 180 90 120 90
Hu2 10 30 70 30
Hu2 70 30 130 30
Goblin4 550 210 490 210
Hu7 70 330 10 330
Hu3 10 210 70 210
Hu3 70 210 130 210
Goblin5 490 270 430 270
Snake 730 270 670 270
Hu6 10 270 70 270
Hu6 70 270 130 270
Hu1 120 90 60 90
Hu7 10 330 70 330
Hu7 70 330 130 330
Hu2 130 30 190 30
Goblin4 490 210 430 210
Hu3 130 210 190 210
Goblin5 430 270 370 270
Hu6 130 270 190 270
Snake 670 270 610 270
Hu1 60 90 0 90
Hu3 190 210 250 210
Hu2 190 30 250 30
Hu7 130 330 190 330
Goblin4 430 210 370 210
Hu6 190 270 250 270
Goblin5 370 270 310 270
Hu1 0 90 60 90
Hu3 250 210 310 210
Hu1 60 90 120 90
Snake 610 270 550 270
Hu2 250 30 310 30
Hu7 190 330 250 330
Goblin4-dead 370 210
Goblin5-dead 310 270
Hu6 250 270 310 270
Snake 550 270 490 270
Hu3 310 210 370 210
Hu1 120 90 180 90
Snake 490 270 430 270
Hu2 310 30 370 30
Hu6 310 270 370 270
Hu7 250 330 310 330
Hu1 180 90 240 90
Hu3 370 210 430 210
Hu2 370 30 430 30
Hu6-dead 370 270
Snake 430 270 370 270
Hu7 310 330 370 330
Hu1 240 90 300 90
Hu2 430 30 490 30
Snake 370 270 310 270
Hu3 430 210 490 210
Hu7 370 330 430 330
Hu1 300 90 360 90
Snake 310 270 250 270
Hu2 490 30 550 30
Hu1 360 90 420 90
Hu3 490 210 550 210
Hu7 430 330 490 330
Snake 250 270 190 270
Hu1 420 90 480 90
Hu3 550 210 610 210
Hu2 550 30 610 30
Hu7 490 330 550 330
Snake 190 270 130 270
Hu3 610 210 670 210
Hu2 610 30 670 30
Hu1 480 90 540 90
Hu7 550 330 610 330
Hu3 670 210 730 210
Snake 130 270 70 270
Hu2 670 30 730 30
Hu1 540 90 600 90
Hu7 610 330 670 330
Hu3 730 210 790 210
Hu2 730 30 790 30
Hu1 600 90 600 150
Hu7 670 330 730 330
Snake 70 270 10 270
Hu1 600 150 660 150
Snake 10 270 70 270
Snake 70 270 130 270
Hu3 790 210 850 210
Hu2 790 30 790 90
Hu7 730 330 730 270
Snake 130 270 190 270
Hu3 850 210 850 270
Hu2 790 90 850 90
Hu1 660 150 720 150
Hu7 730 270 790 270
Snake 190 270 250 270
Hu2 850 90 790 90
Hu3 850 270 790 270
Hu1 720 150 780 150
Hu7 790 270 850 270
Hu2 790 90 730 90
Snake 250 270 310 270
Hu3 790 270 730 270
Hu1 780 150 840 150
Hu7 850 270 790 270
Hu3 730 270 670 270
Hu1 840 150 900 150
Hu2 730 90 670 90
Snake 310 270 370 270
Hu2 670 90 610 90
Hu7 790 270 730 270
Snake 370 270 430 270
Hu3 670 270 610 270
Hu1 900 150 840 150
Hu2 610 90 550 90
Hu7 730 270 670 270
Hu1 840 150 780 150
Hu3 610 270 550 270
Snake 430 270 490 270
Hu1 780 150 720 150
Hu7 670 270 610 270
Snake-dead 490 270
